#VELOCITY:     AVE_POFV:     PROGR_AVE_POFV:        ERROR:
   0.0942809 4.62963e-08 4.62963e-08           0
    0.282843           0           0           0
    0.471405           0           0           0
    0.659966           0           0           0
    0.848528           0           0           0
     1.03709           0           0           0
     1.22565           0           0           0
     1.41421           0           0           0
     1.60278           0           0           0
     1.79134           0           0           0
      1.9799           0           0           0
     2.16846           0           0           0
     2.35702       5e-05       5e-05           0
     2.54558           0           0           0
     2.73415           0           0           0
     2.92271           0           0           0
     3.11127           0           0           0
     3.29983           0           0           0
     3.48839           0           0           0
     3.67696           0           0           0
     3.86552           0           0           0
     4.05408           0           0           0
     4.24264           0           0           0
      4.4312           0           0           0
     4.61976           0           0           0
     4.80833           0           0           0
     4.99689           0           0           0
     5.18545           0           0           0
     5.37401           0           0           0
     5.56257           0           0           0
   0.0942809 0.000352028 0.000176037     0.01344
    0.282843   0.0284829   0.0142414     1.08758
    0.471405   0.0516282   0.0258141     1.97136
    0.659966   0.0835292   0.0417646     3.18946
    0.848528    0.103136   0.0515678     3.93811
     1.03709    0.112863   0.0564315     4.30953
     1.22565    0.127516   0.0637581     4.86905
     1.41421    0.115666   0.0578331     4.41657
     1.60278    0.111052   0.0555259     4.24038
     1.79134   0.0741968   0.0370984     2.83311
      1.9799   0.0492829   0.0246414     1.88181
     2.16846   0.0375824   0.0187912     1.43504
     2.35702   0.0264347   0.0132424     1.00747
     2.54558   0.0161611  0.00808056    0.617092
     2.73415   0.0117505  0.00587523    0.448677
     2.92271   0.0151764  0.00758819    0.579492
     3.11127  0.00517407  0.00258704    0.197566
     3.29983  0.00282222  0.00141111    0.107763
     3.48839  0.00161111 0.000805556   0.0615183
     3.67696  0.00121389 0.000606944   0.0463508
     3.86552  0.00278565  0.00139282    0.106367
     4.05408  0.00339028  0.00169514    0.129454
     4.24264 0.000886111 0.000443056   0.0338351
      4.4312 0.000372222 0.000186111   0.0142128
     4.61976 0.000114352 5.71759e-05  0.00436638
     4.80833 4.30556e-05 2.15278e-05  0.00164402
     4.99689 4.39815e-05 2.19907e-05  0.00167938
     5.18545 4.25926e-05 2.12963e-05  0.00162635
     5.37401 1.99074e-05  9.9537e-06  0.00076014
     5.56257 2.40741e-05  1.2037e-05 0.000919239
   0.0942809 0.000345995  0.00023269   0.0102586
    0.282843   0.0165556   0.0150128    0.728239
    0.471405   0.0464602   0.0326961     1.44759
    0.659966   0.0773537   0.0536276     2.36971
    0.848528    0.102355   0.0684969     3.02015
     1.03709    0.118184   0.0770156     3.39838
     1.22565    0.138633   0.0887165     3.92181
     1.41421    0.117769   0.0778117      3.4312
     1.60278   0.0970431    0.069365     3.07908
     1.79134   0.0964759   0.0568909     2.57168
      1.9799   0.0662574   0.0385134      1.7522
     2.16846   0.0483407    0.028641     1.29216
     2.35702   0.0281806   0.0182218    0.802439
     2.54558    0.016613   0.0109247    0.481816
     2.73415   0.0126519   0.0081341    0.359373
     2.92271  0.00452176  0.00656605    0.396703
     3.11127  0.00548565  0.00355324    0.156866
     3.29983  0.00159213  0.00147145   0.0720388
     3.48839  0.00280556  0.00147222   0.0716798
     3.67696 0.000275463 0.000496451   0.0324003
     3.86552 0.000108796 0.000964815   0.0803298
     4.05408    6.25e-05  0.00115093   0.0987477
     4.24264           0  0.00029537   0.0260462
      4.4312           0 0.000124074   0.0109411
     4.61976           0 3.81173e-05  0.00336124
     4.80833           0 1.43519e-05  0.00126557
     4.99689           0 1.46605e-05  0.00129279
     5.18545           0 1.41975e-05  0.00125196
     5.37401           0  6.6358e-06 0.000585156
     5.56257           0 8.02469e-06  0.00070763
   0.0942809 0.000347661 0.000261433  0.00815008
    0.282843   0.0166083   0.0154117    0.547452
    0.471405   0.0463046   0.0360983     1.13136
    0.659966   0.0791912   0.0600185     1.87511
    0.848528     0.10513   0.0776551     2.42166
     1.03709    0.124887   0.0889833     2.78375
     1.22565    0.127251   0.0983502     3.07627
     1.41421    0.118455   0.0879726     2.74327
     1.60278    0.103414   0.0778773      2.4427
     1.79134   0.0816861   0.0630897     2.01402
      1.9799    0.066631   0.0455428     1.46944
     2.16846   0.0482431   0.0335416     1.07204
     2.35702   0.0322588    0.021731    0.685514
     2.54558   0.0186139    0.012847    0.403619
     2.73415   0.0120537    0.009114    0.284686
     2.92271  0.00794676  0.00691123    0.299274
     3.11127  0.00347315  0.00353322    0.117664
     3.29983  0.00398935  0.00210093    0.079909
     3.48839  0.00107269  0.00137234   0.0545656
     3.67696 0.000388889  0.00046956   0.0244301
     3.86552 0.000106481 0.000750231   0.0635024
     4.05408 4.07407e-05  0.00087338   0.0784785
     4.24264 4.12037e-05 0.000231829   0.0204187
      4.4312           0 9.30556e-05  0.00870356
     4.61976           0  2.8588e-05  0.00267385
     4.80833           0 1.07639e-05  0.00100675
     4.99689           0 1.09954e-05  0.00102841
     5.18545           0 1.06481e-05 0.000995929
     5.37401           0 4.97685e-06 0.000465489
     5.56257           0 6.01852e-06 0.000562917
   0.0942809 0.000328365 0.000274819  0.00664706
    0.282843   0.0212894   0.0165872    0.452443
    0.471405   0.0491977   0.0387181    0.939806
    0.659966   0.0871542   0.0654456     1.58905
    0.848528    0.107325   0.0835892     2.02035
     1.03709    0.129542    0.097095     2.36083
     1.22565    0.126066    0.103893      2.5186
     1.41421    0.126041   0.0955863     2.31458
     1.60278   0.0983435   0.0819706     1.99376
     1.79134   0.0835704   0.0671858     1.65909
      1.9799   0.0604931   0.0485329     1.21052
     2.16846   0.0395171   0.0347367    0.865371
     2.35702   0.0267551   0.0227358    0.556935
     2.54558   0.0177227   0.0138221    0.336354
     2.73415   0.0103704  0.00936528    0.229038
     2.92271    0.006725  0.00687398    0.239446
     3.11127  0.00447685  0.00372194   0.0958806
     3.29983  0.00163102  0.00200694   0.0645686
     3.48839 0.000890278  0.00127593   0.0446349
     3.67696     0.00025 0.000425648   0.0199991
     3.86552 0.000113889 0.000622963   0.0522683
     4.05408 4.90741e-05 0.000708519   0.0647711
     4.24264           0 0.000185463   0.0169379
      4.4312           0 7.44444e-05  0.00719119
     4.61976           0 2.28704e-05  0.00220924
     4.80833           0 8.61111e-06 0.000831817
     4.99689           0  8.7963e-06 0.000849706
     5.18545           0 8.51852e-06 0.000822873
     5.37401           0 3.98148e-06 0.000384604
     5.56257           0 4.81481e-06 0.000465102
   0.0942809 0.000324755 0.000283142  0.00559966
    0.282843   0.0200231   0.0171599     0.38124
    0.471405   0.0468083   0.0400665    0.794374
    0.659966    0.094613   0.0703069     1.40827
    0.848528    0.111537   0.0882471     1.74513
     1.03709    0.126267    0.101957     2.02491
     1.22565    0.119219    0.106448     2.11388
     1.41421    0.115313   0.0988742     1.95586
     1.60278    0.104551    0.085734     1.70239
     1.79134   0.0851477   0.0701795     1.41372
      1.9799   0.0634486   0.0510188     1.03811
     2.16846   0.0461477   0.0366385     0.74512
     2.35702   0.0296977   0.0238961    0.478002
     2.54558   0.0171894   0.0143833    0.285704
     2.73415  0.00907361  0.00931667    0.190925
     2.92271  0.00484954  0.00653657    0.202292
     3.11127  0.00199676  0.00343441   0.0847802
     3.29983 0.000922685  0.00182623     0.05668
     3.48839 0.000411111  0.00113179   0.0398178
     3.67696   0.0001375 0.000377623   0.0173254
     3.86552 5.97222e-05  0.00052909   0.0445293
     4.05408 2.26852e-05 0.000594213   0.0551398
     4.24264           0 0.000154552   0.0144401
      4.4312           0  6.2037e-05  0.00611624
     4.61976           0 1.90586e-05  0.00187899
     4.80833           0 7.17593e-06 0.000707475
     4.99689           0 7.33025e-06 0.000722689
     5.18545           0 7.09877e-06 0.000699868
     5.37401           0  3.3179e-06 0.000327112
     5.56257           0 4.01235e-06 0.000395577
   0.0942809 0.000327177 0.000289432  0.00484075
    0.282843   0.0162898   0.0170356    0.327013
    0.471405   0.0440134   0.0406304    0.683222
    0.659966   0.0828292   0.0720958     1.22027
    0.848528    0.102087   0.0902241     1.50883
     1.03709    0.121512    0.104751     1.75797
     1.22565    0.134774    0.110494     1.85653
     1.41421    0.126757    0.102857     1.72312
     1.60278    0.107508   0.0888446     1.49197
     1.79134   0.0878398   0.0727024     1.23774
      1.9799   0.0744875   0.0543715    0.950861
     2.16846   0.0448509   0.0378117    0.649358
     2.35702   0.0264889   0.0242665    0.411387
     2.54558   0.0144597   0.0143942    0.244892
     2.73415  0.00745093  0.00905013    0.165806
     2.92271  0.00341019  0.00608995    0.179052
     3.11127  0.00180139  0.00320112   0.0763208
     3.29983 0.000761111  0.00167407   0.0509095
     3.48839 0.000205556 0.000999471   0.0366042
     3.67696 7.87037e-05 0.000334921    0.015452
     3.86552           0 0.000453505    0.038909
     4.05408           0 0.000509325   0.0480188
     4.24264           0 0.000132474   0.0125726
      4.4312           0 5.31746e-05  0.00531685
     4.61976           0  1.6336e-05  0.00163341
     4.80833           0 6.15079e-06 0.000615009
     4.99689           0 6.28307e-06 0.000628235
     5.18545           0 6.08466e-06 0.000608396
     5.37401           0 2.84392e-06 0.000284359
     5.56257           0 3.43915e-06 0.000343876
   0.0942809 0.000324789 0.000293852  0.00425912
    0.282843   0.0166185   0.0169834    0.286185
    0.471405   0.0466486   0.0413826    0.602631
    0.659966   0.0810741   0.0732181     1.07374
    0.848528    0.116268   0.0934796     1.36058
     1.03709    0.126495    0.107469     1.56254
     1.22565    0.133308    0.113346     1.64981
     1.41421    0.126585    0.105823     1.53721
     1.60278    0.101385   0.0904122     1.31505
     1.79134   0.0837671   0.0740855       1.092
      1.9799   0.0570894   0.0547112    0.832711
     2.16846   0.0439667   0.0385811    0.573479
     2.35702   0.0305759   0.0250552    0.368676
     2.54558    0.017113   0.0147341    0.217013
     2.73415  0.00813148   0.0089353    0.145544
     2.92271  0.00373009  0.00579497    0.159479
     3.11127  0.00275417  0.00314525   0.0670188
     3.29983  0.00119074  0.00161366    0.044962
     3.48839 0.000572222 0.000946065     0.03248
     3.67696  0.00032037 0.000333102   0.0135217
     3.86552 0.000219444 0.000424248   0.0341734
     4.05408 2.77778e-05 0.000449132   0.0424542
     4.24264           0 0.000115914   0.0111275
      4.4312           0 4.65278e-05  0.00470046
     4.61976           0  1.4294e-05  0.00144405
     4.80833           0 5.38194e-06  0.00054371
     4.99689           0 5.49769e-06 0.000555402
     5.18545           0 5.32407e-06 0.000537863
     5.37401           0 2.48843e-06 0.000251393
     5.56257           0 3.00926e-06  0.00030401
   0.0942809 0.000333115 0.000298215  0.00381186
    0.282843   0.0173444   0.0170236    0.254419
    0.471405   0.0409051   0.0413296    0.535699
    0.659966   0.0827565   0.0742779    0.960518
    0.848528    0.114769   0.0958451     1.23315
     1.03709    0.127546    0.109699     1.40738
     1.22565    0.137577    0.116038      1.4919
     1.41421    0.123315    0.107767     1.38067
     1.60278    0.102825   0.0917915     1.17734
     1.79134   0.0823995   0.0750093    0.975214
      1.9799   0.0564944   0.0549094    0.740463
     2.16846    0.041169   0.0388686      0.5106
     2.35702   0.0266218   0.0252293    0.328191
     2.54558   0.0167528   0.0149584    0.194248
     2.73415   0.0109579  0.00916003     0.13138
     2.92271  0.00581852  0.00579758     0.14176
     3.11127  0.00348102  0.00318256   0.0596932
     3.29983  0.00462917  0.00194871   0.0525475
     3.48839  0.00138981  0.00099537   0.0293043
     3.67696 0.000376389 0.000337912   0.0120293
     3.86552 0.000217593 0.000401286   0.0304662
     4.05408 5.41667e-05 0.000405247   0.0380007
     4.24264           0 0.000103035  0.00997766
      4.4312           0  4.1358e-05  0.00421121
     4.61976           0 1.27058e-05  0.00129374
     4.80833           0 4.78395e-06 0.000487118
     4.99689           0 4.88683e-06 0.000497594
     5.18545           0 4.73251e-06  0.00048188
     5.37401           0 2.21193e-06 0.000225227
     5.56257           0  2.6749e-06 0.000272367
   0.0942809 0.000323778 0.000300771  0.00344066
    0.282843    0.020813   0.0174025    0.232246
    0.471405   0.0510366   0.0423003     0.49228
    0.659966   0.0779426   0.0746444    0.865281
    0.848528    0.115073   0.0977679     1.12719
     1.03709    0.121854    0.110915     1.27275
     1.22565    0.126869    0.117121     1.34729
     1.41421    0.119385    0.108929     1.24829
     1.60278    0.106004   0.0932127     1.06956
     1.79134   0.0799329   0.0755016    0.879142
      1.9799   0.0691838   0.0563368    0.682276
     2.16846   0.0512528    0.040107    0.476735
     2.35702   0.0244014   0.0251465    0.295493
     2.54558   0.0147806   0.0149406    0.174833
     2.73415  0.00866806  0.00911083     0.11835
     2.92271  0.00390787  0.00560861    0.129044
     3.11127  0.00195139  0.00305944    0.055185
     3.29983  0.00112083  0.00186593   0.0480474
     3.48839 0.000544907 0.000950324   0.0267747
     3.67696 0.000376852 0.000341806   0.0108337
     3.86552 3.19444e-05 0.000364352   0.0276795
     4.05408           0 0.000364722   0.0344518
     4.24264           0 9.27315e-05  0.00904173
      4.4312           0 3.72222e-05  0.00381371
     4.61976           0 1.14352e-05  0.00117162
     4.80833           0 4.30556e-06 0.000441138
     4.99689           0 4.39815e-06 0.000450625
     5.18545           0 4.25926e-06 0.000436394
     5.37401           0 1.99074e-06 0.000203967
     5.56257           0 2.40741e-06 0.000246658
   0.0942809 0.000206239 0.000267829  0.00390096
    0.282843    0.073944   0.0206641    0.557315
    0.471405   0.0795778   0.0418817    0.652391
    0.659966    0.107725   0.0711807     1.02383
    0.848528    0.128904   0.0922152     1.30581
     1.03709    0.131339    0.103374     1.44911
     1.22565    0.121735    0.107746      1.5126
     1.41421   0.0990338   0.0990267     1.39851
     1.60278   0.0734458   0.0837978     1.20154
     1.79134   0.0501296   0.0670955    0.990922
      1.9799    0.030987   0.0495296    0.766391
     2.16846   0.0168097   0.0348233    0.552226
     2.35702    0.008925   0.0216992    0.348739
     2.54558  0.00420602    0.012801    0.210218
     2.73415  0.00184213  0.00774587    0.137546
     2.92271 0.000721759  0.00473399    0.123705
     3.11127 0.000356019  0.00257921   0.0569284
     3.29983 0.000226852  0.00157384   0.0449429
     3.48839 6.34259e-05 0.000797222    0.024737
     3.67696 1.80556e-05 0.000286343   0.0098219
     3.86552           0 0.000303627   0.0234515
     4.05408           0 0.000303935   0.0290209
     4.24264           0 7.72762e-05  0.00761142
      4.4312           0 3.10185e-05  0.00320738
     4.61976           0 9.52932e-06 0.000985352
     4.80833           0 3.58796e-06 0.000371003
     4.99689           0 3.66512e-06 0.000378982
     5.18545           0 3.54938e-06 0.000367014
     5.37401           0 1.65895e-06 0.000171539
     5.56257           0 2.00617e-06 0.000207443
   0.0942809 0.000242819 0.000265905  0.00360642
    0.282843    0.041744   0.0222856     0.54126
    0.471405   0.0821296   0.0449777    0.682536
    0.659966     0.10312   0.0736376    0.978855
    0.848528    0.131867   0.0952653     1.24622
     1.03709    0.135569    0.105851      1.3621
     1.22565    0.127186    0.109241     1.40484
     1.41421    0.112212    0.100041     1.29521
     1.60278   0.0833935   0.0837667     1.10911
     1.79134   0.0608597   0.0666158    0.916051
      1.9799   0.0390426   0.0487229    0.712373
     2.16846   0.0261565   0.0341567     0.51442
     2.35702   0.0139486    0.021103    0.327803
     2.54558  0.00691065   0.0123479    0.199662
     2.73415  0.00342685  0.00741364    0.131563
     2.92271  0.00150648  0.00448572    0.117059
     3.11127 0.000525926  0.00242126   0.0550456
     3.29983 0.000123611  0.00146229   0.0430704
     3.48839 3.98148e-05  0.00073896   0.0236209
     3.67696           0 0.000264316  0.00935001
     3.86552           0 0.000280271   0.0217828
     4.05408           0 0.000280556   0.0268981
     4.24264           0 7.13319e-05  0.00705295
      4.4312           0 2.86325e-05  0.00297099
     4.61976           0  8.7963e-06  0.00091273
     4.80833           0 3.31197e-06  0.00034366
     4.99689           0 3.38319e-06  0.00035105
     5.18545           0 3.27635e-06 0.000339964
     5.37401           0 1.53134e-06 0.000158896
     5.56257           0 1.85185e-06 0.000192154
   0.0942809 0.000248185  0.00026464   0.0033514
    0.282843   0.0375417   0.0233753    0.515235
    0.471405   0.0769671   0.0472627    0.676926
    0.659966    0.109324   0.0761866    0.946859
    0.848528    0.136192   0.0981887     1.19653
     1.03709    0.137592    0.108118     1.28662
     1.22565    0.133001    0.110938     1.31639
     1.41421    0.116831     0.10124     1.20916
     1.60278   0.0882935     0.08409     1.03044
     1.79134   0.0656065   0.0665437    0.850652
      1.9799   0.0407421   0.0481528    0.664144
     2.16846   0.0241037   0.0334386    0.483486
     2.35702    0.013144   0.0205345    0.310086
     2.54558  0.00663565   0.0119399    0.190201
     2.73415  0.00282639  0.00708598    0.126835
     2.92271  0.00111296  0.00424481    0.111552
     3.11127 0.000506944  0.00228452   0.0530577
     3.29983 0.000157407  0.00136908   0.0411534
     3.48839 3.56481e-05 0.000688724   0.0225482
     3.67696           0 0.000245437  0.00890171
     3.86552           0 0.000260251   0.0203339
     4.05408           0 0.000260516   0.0250637
     4.24264           0 6.62368e-05   0.0065706
      4.4312           0 2.65873e-05  0.00276698
     4.61976           0 8.16799e-06 0.000850054
     4.80833           0  3.0754e-06 0.000320061
     4.99689           0 3.14153e-06 0.000326944
     5.18545           0 3.04233e-06 0.000316619
     5.37401           0 1.42196e-06 0.000147985
     5.56257           0 1.71958e-06 0.000178959
   0.0942809 0.000260883 0.000264389  0.00312809
    0.282843   0.0262019   0.0235638    0.481288
    0.471405   0.0670356   0.0485809    0.646595
    0.659966    0.102705   0.0779545     0.90278
    0.848528    0.140966    0.101041     1.15572
     1.03709     0.14422    0.110525     1.22683
     1.22565    0.145575    0.113247     1.25203
     1.41421    0.114904    0.102151     1.13254
     1.60278   0.0891815   0.0844294    0.962397
     1.79134   0.0669463   0.0665706    0.793947
      1.9799   0.0417806    0.047728    0.621451
     2.16846   0.0262995   0.0329627    0.453977
     2.35702   0.0148509   0.0201556    0.292101
     2.54558  0.00811296   0.0116848    0.179506
     2.73415  0.00418704  0.00689272    0.120085
     2.92271  0.00173519   0.0040775    0.105569
     3.11127 0.000887037  0.00219136   0.0504656
     3.29983 0.000343056  0.00130068   0.0390673
     3.48839 5.32407e-05 0.000646358   0.0215042
     3.67696     7.5e-05 0.000234074  0.00839242
     3.86552           0 0.000242901   0.0190644
     4.05408           0 0.000243148   0.0234629
     4.24264           0  6.1821e-05  0.00614984
      4.4312           0 2.48148e-05  0.00258913
     4.61976           0 7.62346e-06 0.000795416
     4.80833           0 2.87037e-06 0.000299488
     4.99689           0  2.9321e-06 0.000305929
     5.18545           0 2.83951e-06 0.000296268
     5.37401           0 1.32716e-06 0.000138473
     5.56257           0 1.60494e-06 0.000167456
   0.0942809 0.000269973 0.000264738  0.00293281
    0.282843   0.0256273   0.0236927    0.451409
    0.471405   0.0676264   0.0497712    0.618831
    0.659966    0.105312   0.0796643    0.865036
    0.848528    0.126861    0.102654     1.09655
     1.03709    0.142738    0.112538     1.16926
     1.22565    0.136194    0.114682     1.18332
     1.41421    0.119548    0.103238     1.06783
     1.60278   0.0956194   0.0851288    0.905207
     1.79134   0.0688699   0.0667143    0.744477
      1.9799   0.0441542   0.0475047    0.583078
     2.16846   0.0293894   0.0327393    0.426244
     2.35702   0.0169866   0.0199575    0.274627
     2.54558  0.00898194   0.0115158    0.169211
     2.73415  0.00484537  0.00676476    0.113372
     2.92271   0.0021463   0.0039568   0.0997721
     3.11127 0.000868981  0.00210871   0.0480944
     3.29983 0.000446759  0.00124731   0.0370484
     3.48839 0.000180093 0.000617216   0.0203892
     3.67696 3.05556e-05 0.000221354  0.00797953
     3.86552           0  0.00022772   0.0179433
     4.05408           0 0.000227951   0.0220538
     4.24264           0 5.79572e-05  0.00577962
      4.4312           0 2.32639e-05  0.00243272
     4.61976           0 7.14699e-06 0.000747365
     4.80833           0 2.69097e-06 0.000281396
     4.99689           0 2.74884e-06 0.000287448
     5.18545           0 2.66204e-06 0.000278371
     5.37401           0 1.24421e-06 0.000130108
     5.56257           0 1.50463e-06  0.00015734
   0.0942809 0.000277906 0.000265513  0.00276148
    0.282843   0.0255148   0.0237999    0.425004
    0.471405   0.0713819   0.0510424    0.597465
    0.659966   0.0996134   0.0808378    0.823383
    0.848528    0.120756    0.103719     1.03806
     1.03709    0.137048     0.11398      1.1108
     1.22565    0.137407    0.116018     1.12249
     1.41421    0.117617    0.104084     1.00891
     1.60278   0.0952296    0.085723    0.854231
     1.79134   0.0750644   0.0672054    0.702571
      1.9799   0.0490694   0.0475967    0.548864
     2.16846    0.029631   0.0325565    0.401628
     2.35702   0.0168236   0.0197731    0.259193
     2.54558   0.0110153   0.0114864    0.159287
     2.73415  0.00530231  0.00667873    0.107083
     2.92271  0.00241157   0.0038659   0.0943849
     3.11127  0.00128611  0.00206032   0.0455484
     3.29983 0.000678241  0.00121383    0.035045
     3.48839 0.000250926  0.00059567   0.0193221
     3.67696 4.30556e-05 0.000210866  0.00759012
     3.86552  3.7037e-06 0.000214542   0.0169441
     4.05408 4.16667e-06 0.000214788   0.0208023
     4.24264 5.09259e-06 5.48475e-05  0.00544939
      4.4312 6.48148e-06 2.22767e-05  0.00229195
     4.61976 1.66667e-05 7.70697e-06 0.000705845
     4.80833           0 2.53268e-06 0.000265363
     4.99689           0 2.58715e-06 0.000271069
     5.18545           0 2.50545e-06 0.000262509
     5.37401           0 1.17102e-06 0.000122694
     5.56257           0 1.41612e-06 0.000148375
   0.0942809 0.000277069 0.000266155  0.00260894
    0.282843   0.0246009   0.0238444     0.40142
    0.471405   0.0655181   0.0518466     0.57055
    0.659966    0.095713   0.0816642    0.782462
    0.848528    0.128848    0.105115    0.991278
     1.03709    0.144701    0.115686     1.06427
     1.22565    0.140459    0.117376     1.06967
     1.41421    0.118757    0.104899    0.956697
     1.60278   0.0955431   0.0862685    0.808803
     1.79134     0.06935   0.0673246    0.663657
      1.9799   0.0447472   0.0474384    0.518638
     2.16846   0.0273079   0.0322649    0.380548
     2.35702   0.0162245    0.019576    0.245666
     2.54558   0.0138731    0.011619     0.15108
     2.73415  0.00503287  0.00658729    0.101588
     2.92271  0.00343935  0.00384221    0.089176
     3.11127  0.00116343  0.00201049   0.0433346
     3.29983 0.000558796  0.00117744   0.0333177
     3.48839 0.000351852 0.000582124    0.018304
     3.67696 9.62963e-05 0.000204501  0.00719951
     3.86552 2.12963e-05 0.000203807   0.0160424
     4.05408 5.55556e-06 0.000203164   0.0196845
     4.24264           0 5.18004e-05  0.00515657
      4.4312           0 2.10391e-05  0.00216851
     4.61976           0 7.27881e-06 0.000668144
     4.80833           0 2.39198e-06 0.000251055
     4.99689           0 2.44342e-06 0.000256454
     5.18545           0 2.36626e-06 0.000248355
     5.37401           0 1.10597e-06 0.000116079
     5.56257           0 1.33745e-06 0.000140375
   0.0942809 0.000263853 0.000266034  0.00247166
    0.282843   0.0288796   0.0241094    0.381311
    0.471405   0.0689634   0.0527475    0.548754
    0.659966    0.100271   0.0826435    0.748394
    0.848528    0.134445    0.106659    0.953023
     1.03709    0.145644    0.117263     1.02179
     1.22565    0.138563    0.118491     1.02012
     1.41421     0.11402    0.105379    0.907748
     1.60278   0.0928278   0.0866138    0.767093
     1.79134   0.0639968   0.0671494    0.628998
      1.9799      0.0523   0.0476943    0.492077
     2.16846   0.0258528   0.0319274     0.36226
     2.35702   0.0154671   0.0193597    0.233844
     2.54558   0.0081088   0.0114342     0.14444
     2.73415  0.00412315   0.0064576   0.0972023
     2.92271  0.00174444   0.0037318    0.085276
     3.11127  0.00052963  0.00193255   0.0418634
     3.29983 0.000256944    0.001129   0.0319724
     3.48839 4.30556e-05 0.000553752   0.0175952
     3.67696 3.24074e-06 0.000193908  0.00691088
     3.86552 4.62963e-06 0.000193324    0.015238
     4.05408 6.01852e-06 0.000192788   0.0186803
     4.24264 9.72222e-06 4.95858e-05  0.00489072
      4.4312 1.89815e-05 2.09308e-05  0.00205441
     4.61976           0 6.89571e-06 0.000634259
     4.80833           0 2.26608e-06 0.000238209
     4.99689           0 2.31481e-06 0.000243332
     5.18545           0 2.24172e-06 0.000235648
     5.37401           0 1.04776e-06  0.00011014
     5.56257           0 1.26706e-06 0.000133192
   0.0942809 0.000267336 0.000266099  0.00234809
    0.282843   0.0255685   0.0241824    0.362327
    0.471405   0.0615616   0.0531882    0.523377
    0.659966    0.100333    0.083528    0.717045
    0.848528    0.135507    0.108101    0.918015
     1.03709     0.14661    0.118731    0.982913
     1.22565    0.137115    0.119423    0.974063
     1.41421    0.115005    0.105861    0.863848
     1.60278    0.103607   0.0874634    0.734207
     1.79134    0.068988   0.0672414    0.597626
      1.9799   0.0454343   0.0475813    0.467624
     2.16846   0.0262486   0.0316435    0.345443
     2.35702   0.0159884   0.0191912    0.222859
     2.54558  0.00813519   0.0112693    0.138313
     2.73415  0.00370046  0.00631975   0.0934755
     2.92271  0.00150463  0.00362044   0.0818559
     3.11127   0.0006375   0.0018678   0.0403501
     3.29983 0.000333796  0.00108924   0.0306607
     3.48839 0.000118519 0.000531991   0.0168717
     3.67696 4.25926e-05 0.000186343  0.00661347
     3.86552 6.48148e-05 0.000186898   0.0144919
     4.05408 1.15741e-05 0.000183727   0.0177719
     4.24264           0 4.71065e-05  0.00465351
      4.4312           0 1.98843e-05   0.0019548
     4.61976           0 6.55093e-06 0.000603638
     4.80833           0 2.15278e-06 0.000226613
     4.99689           0 2.19907e-06 0.000231486
     5.18545           0 2.12963e-06 0.000224176
     5.37401           0  9.9537e-07 0.000104778
     5.56257           0  1.2037e-06 0.000126708
   0.0942809 0.000274825 0.000266514   0.0022367
    0.282843   0.0233745   0.0241439    0.345097
    0.471405   0.0555454   0.0533005    0.498594
    0.659966   0.0956662    0.084106    0.685612
    0.848528    0.133265      0.1093    0.883375
     1.03709    0.135708    0.119539    0.939977
     1.22565    0.145007    0.120641    0.936523
     1.41421    0.125108    0.106777    0.828364
     1.60278    0.106996   0.0883935    0.706083
     1.79134   0.0690611    0.067328    0.569241
      1.9799    0.045956   0.0475039    0.445431
     2.16846   0.0287468   0.0315055    0.329314
     2.35702   0.0159125   0.0190351    0.212884
     2.54558  0.00896111   0.0111594    0.132235
     2.73415  0.00415741  0.00621678   0.0896833
     2.92271  0.00176111   0.0035319   0.0785145
     3.11127 0.000737963    0.001814   0.0388448
     3.29983 0.000273611   0.0010504   0.0294862
     3.48839 0.000105093 0.000511662   0.0162105
     3.67696 4.67593e-05 0.000179696  0.00633738
     3.86552 6.34259e-05 0.000181019   0.0138157
     4.05408 2.82407e-05 0.000176323   0.0169436
     4.24264           0 4.48633e-05  0.00443821
      4.4312           0 1.89374e-05  0.00186439
     4.61976           0 6.23898e-06 0.000575832
     4.80833           0 2.05026e-06 0.000216092
     4.99689           0 2.09436e-06 0.000220739
     5.18545           0 2.02822e-06 0.000213769
     5.37401           0 9.47972e-07 9.99136e-05
     5.56257           0 1.14638e-06 0.000120826
