#BLOCK:  ACTUAL_PE:     PE_AVE:      ERROR:
           1  -0.0141231  -0.0141231           0
           2    -1.42628   -0.720204    0.499274
           3    -1.51501   -0.985139    0.396967
           4    -1.73017     -1.1714    0.338614
           5    -2.16708    -1.37053    0.324201
           6    -2.54556    -1.56637    0.323961
           7    -3.10309     -1.7859    0.344116
           8    -3.26162    -1.97037    0.347039
           9     -3.6368    -2.15553    0.354449
          10    -3.90218    -2.33019    0.359473
          11    -3.42693    -2.42989    0.340339
          12    -4.02269    -2.56263    0.336868
          13    -3.63303    -2.64497     0.32086
          14    -3.49031    -2.70535     0.30357
          15     -2.9216    -2.71977    0.283674
          16    -2.71152    -2.71925    0.265945
          17      -2.403    -2.70065    0.250951
          18    -2.11337    -2.66802    0.239121
          19    -2.02687    -2.63428    0.228904
          20    -2.04585    -2.60485    0.219341
          21    -2.16597    -2.58395     0.20989
          22    -2.08689    -2.56136    0.201562
          23    -2.16257    -2.54402    0.193543
          24    -2.24739    -2.53166    0.185873
          25    -2.05362    -2.51254    0.179419
          26      -2.015     -2.4934    0.173535
          27    -1.92116    -2.47221    0.168397
          28    -1.93613    -2.45306    0.163468
          29    -2.12028    -2.44159    0.158233
          30    -2.31566    -2.43739    0.153015
          31     -2.6576    -2.44449    0.148243
          32     -2.7635    -2.45446    0.143946
          33    -2.69143    -2.46164    0.139763
          34    -2.63459    -2.46673    0.135744
          35    -2.56072    -2.46942    0.131893
          36    -2.35692    -2.46629    0.128266
          37    -2.31344    -2.46216    0.124866
          38    -2.18356    -2.45483    0.121795
          39    -2.28363    -2.45044    0.118751
          40    -2.24606    -2.44533    0.115892
          41    -2.27221    -2.44111    0.113142
          42    -2.39872     -2.4401    0.110453
          43    -2.46108    -2.44059    0.107885
          44    -2.50622    -2.44208    0.105444
          45    -2.57071    -2.44494    0.103139
          46    -2.59731    -2.44825     0.10095
          47    -2.62903     -2.4521   0.0988757
          48    -2.60908    -2.45537   0.0968699
          49    -2.55407    -2.45738   0.0949139
          50    -2.54759    -2.45918   0.0930328
          51    -2.64002    -2.46273   0.0912762
          52    -2.61031    -2.46557    0.089565
          53    -2.49809    -2.46618   0.0878772
          54    -2.48308     -2.4665   0.0862504
          55    -2.61311    -2.46916   0.0847234
          56    -2.45294    -2.46887   0.0832109
          57    -2.52892    -2.46992   0.0817578
          58    -2.50302     -2.4705   0.0803501
          59     -2.4738    -2.47055   0.0789883
          60    -2.58611    -2.47248   0.0776953
          61    -2.49182    -2.47279   0.0764222
          62    -2.74095    -2.47712   0.0753119
          63    -2.78327    -2.48198   0.0742731
          64    -2.63684     -2.4844    0.073152
          65    -2.84062    -2.48988   0.0722316
          66    -2.82956    -2.49503   0.0713203
          67    -2.80041    -2.49958   0.0704013
          68    -2.83783    -2.50456   0.0695415
          69    -2.77648     -2.5085   0.0686452
          70    -2.82398    -2.51301   0.0678123
          71    -2.77421    -2.51668    0.066957
          72    -2.70402    -2.51929   0.0660775
          73      -2.743    -2.52235   0.0652434
          74    -2.74171    -2.52532    0.064429
          75    -2.73544    -2.52812   0.0636309
          76    -2.66508    -2.52992   0.0628191
          77      -2.763    -2.53295   0.0620762
          78    -2.72195    -2.53537   0.0613276
          79    -2.76512    -2.53828   0.0606202
          80     -2.6597     -2.5398   0.0598815
          81      -2.752    -2.54242   0.0591995
          82    -2.78912    -2.54542   0.0585539
          83    -2.68363    -2.54709   0.0578721
          84    -2.72367    -2.54919   0.0572214
          85     -2.7495    -2.55155   0.0565967
          86    -2.62009    -2.55234   0.0559442
          87    -2.51769    -2.55195   0.0553026
          88    -2.45235    -2.55081   0.0546857
          89    -2.39769    -2.54909   0.0540983
          90    -2.38849    -2.54731   0.0535266
          91    -2.41639    -2.54587   0.0529578
          92    -2.35964    -2.54385   0.0524208
          93    -2.39102     -2.5422   0.0518829
          94    -2.56637    -2.54246   0.0513316
          95    -2.61306     -2.5432   0.0507966
          96    -2.57368    -2.54352   0.0502685
          97    -2.56291    -2.54372   0.0497507
          98    -2.65144    -2.54482   0.0492551
          99    -2.63707    -2.54575   0.0487664
         100    -2.66535    -2.54695   0.0482934
         101    -2.59051    -2.54738   0.0478172
         102    -2.55041    -2.54741   0.0473484
         103    -2.51987    -2.54714   0.0468895
         104    -2.50875    -2.54677   0.0464401
         105    -2.45601    -2.54591   0.0460058
         106    -2.45573    -2.54506   0.0455797
         107    -2.45177    -2.54419    0.045162
         108    -2.48637    -2.54365    0.044747
         109    -2.48432    -2.54311   0.0443398
         110    -2.49861     -2.5427   0.0439386
         111    -2.55029    -2.54277   0.0435428
         112    -2.52377     -2.5426   0.0431544
         113    -2.47595    -2.54201   0.0427765
         114    -2.55677    -2.54214   0.0424014
         115     -2.5585    -2.54228    0.042033
         116    -2.57201    -2.54254   0.0416714
         117    -2.56436    -2.54272   0.0413157
         118    -2.58807    -2.54311   0.0409673
         119    -2.53105    -2.54301   0.0406232
         120    -2.57911    -2.54331   0.0402858
         121    -2.50268    -2.54297   0.0399542
         122    -2.49406    -2.54257   0.0396287
         123    -2.47807    -2.54205     0.03931
         124    -2.49617    -2.54168   0.0389947
         125    -2.54825    -2.54173   0.0386828
         126    -2.55369    -2.54183   0.0383759
         127    -2.59819    -2.54227   0.0380763
         128    -2.57443    -2.54252   0.0377797
         129    -2.58246    -2.54283   0.0374881
         130    -2.59942    -2.54327   0.0372022
         131    -2.58149    -2.54356   0.0369194
         132    -2.62416    -2.54417   0.0366448
         133     -2.6176    -2.54472   0.0363734
         134    -2.62805    -2.54534   0.0361073
         135    -2.62467    -2.54593   0.0358446
         136    -2.58123    -2.54619    0.035582
         137    -2.59173    -2.54652   0.0353238
         138    -2.56437    -2.54665   0.0350681
         139    -2.52965    -2.54653    0.034816
         140    -2.54575    -2.54652   0.0345673
         141    -2.50427    -2.54622   0.0343234
         142    -2.48306    -2.54578   0.0340846
         143    -2.47154    -2.54526   0.0338502
         144    -2.50805      -2.545   0.0336161
         145    -2.52481    -2.54486   0.0333846
         146    -2.57831    -2.54509   0.0331567
         147    -2.55363    -2.54515   0.0329312
         148    -2.55047    -2.54518   0.0327087
         149    -2.56473    -2.54532   0.0324895
         150    -2.57102    -2.54549   0.0322733
         151    -2.55757    -2.54557   0.0320597
         152    -2.51311    -2.54535   0.0318495
         153    -2.52619    -2.54523   0.0316416
         154    -2.51307    -2.54502   0.0314368
         155    -2.49981    -2.54473   0.0312353
         156    -2.48192    -2.54433   0.0310377
         157    -2.56493    -2.54446   0.0308403
         158    -2.56454    -2.54458   0.0306453
         159    -2.55195    -2.54463   0.0304526
         160    -2.58288    -2.54487   0.0302632
         161    -2.53035    -2.54478   0.0300754
         162    -2.53566    -2.54472   0.0298898
         163    -2.51628    -2.54455   0.0297069
         164    -2.46771    -2.54408   0.0295295
         165    -2.46923    -2.54363    0.029354
         166    -2.45786    -2.54311   0.0291817
         167    -2.47477     -2.5427   0.0290099
         168    -2.52077    -2.54257   0.0288375
         169    -2.54526    -2.54259   0.0286668
         170    -2.52448    -2.54248   0.0284984
         171     -2.5615    -2.54259    0.028332
         172    -2.56325    -2.54271   0.0281675
         173    -2.53076    -2.54264   0.0280048
         174    -2.47687    -2.54226   0.0278464
         175    -2.49237    -2.54198   0.0276887
         176     -2.4583     -2.5415   0.0275355
         177     -2.4784    -2.54115   0.0273822
         178    -2.49747     -2.5409   0.0272295
         179    -2.48643     -2.5406   0.0270791
         180    -2.49903    -2.54037   0.0269296
         181     -2.5506    -2.54042   0.0267809
         182    -2.53372    -2.54039   0.0266338
         183    -2.58067    -2.54061   0.0264891
         184    -2.57396    -2.54079   0.0263458
         185    -2.58825    -2.54104   0.0262046
         186    -2.58206    -2.54126   0.0260647
         187    -2.54562    -2.54129   0.0259253
         188    -2.52478     -2.5412   0.0257875
         189    -2.48401     -2.5409   0.0256529
         190    -2.44778    -2.54041   0.0255225
         191    -2.44491    -2.53991   0.0253938
         192    -2.49067    -2.53965   0.0252629
         193    -2.45579    -2.53922   0.0251357
         194     -2.4848    -2.53894   0.0250077
         195     -2.5277    -2.53888   0.0248795
         196    -2.55164    -2.53894   0.0247527
         197    -2.57319    -2.53912   0.0246276
         198    -2.61875    -2.53952   0.0245065
         199    -2.56953    -2.53967   0.0243838
         200    -2.61518    -2.54005   0.0242648
         201    -2.55641    -2.54013   0.0241443
         202    -2.52831    -2.54007   0.0240248
         203    -2.52698    -2.54001   0.0239065
         204     -2.5173    -2.53989   0.0237896
         205     -2.5068    -2.53973   0.0236741
         206    -2.50133    -2.53955   0.0235599
         207    -2.51076    -2.53941   0.0234465
         208    -2.50009    -2.53922   0.0233346
         209    -2.45966    -2.53884    0.023226
         210    -2.48446    -2.53858   0.0231169
         211    -2.46704    -2.53824   0.0230098
         212    -2.50313    -2.53807   0.0229018
         213    -2.54979    -2.53813   0.0227944
         214    -2.53673    -2.53812   0.0226879
         215    -2.56179    -2.53823   0.0225826
         216    -2.54317    -2.53826   0.0224781
         217    -2.51741    -2.53816   0.0223747
         218    -2.52709    -2.53811   0.0222721
         219    -2.47208    -2.53781   0.0221725
         220    -2.48195    -2.53755   0.0220731
         221    -2.39783    -2.53692   0.0219823
         222    -2.43765    -2.53647   0.0218878
         223    -2.44204    -2.53605   0.0217938
         224    -2.50275     -2.5359    0.021697
         225      -2.491     -2.5357   0.0216015
         226    -2.55587    -2.53579   0.0215061
         227    -2.56616    -2.53592   0.0214118
         228    -2.56744    -2.53606   0.0213183
         229    -2.60446    -2.53636   0.0212273
         230    -2.69412    -2.53705   0.0211461
         231    -2.67971    -2.53767   0.0210636
         232    -2.66587    -2.53822     0.02098
         233    -2.69165    -2.53888   0.0209003
         234    -2.73408    -2.53971   0.0208276
         235    -2.72212    -2.54049   0.0207535
         236    -2.67076    -2.54104   0.0206729
         237    -2.60962    -2.54133   0.0205877
         238    -2.59329    -2.54155   0.0205023
         239    -2.55076    -2.54159   0.0204166
         240     -2.5098    -2.54145   0.0203319
         241    -2.48847    -2.54123   0.0202487
         242     -2.4742    -2.54096    0.020167
         243    -2.50155    -2.54079   0.0200846
         244    -2.51589    -2.54069   0.0200026
         245    -2.52999    -2.54065    0.019921
         246    -2.51215    -2.54053   0.0198403
         247    -2.51514    -2.54043   0.0197603
         248     -2.5736    -2.54056    0.019681
         249    -2.60066     -2.5408   0.0196035
         250     -2.5455    -2.54082   0.0195251
         251    -2.57716    -2.54097   0.0194478
         252    -2.53653    -2.54095   0.0193707
         253    -2.54696    -2.54097   0.0192941
         254    -2.50861    -2.54085   0.0192186
         255    -2.42041    -2.54037    0.019149
         256    -2.43196    -2.53995   0.0190789
         257    -2.38358    -2.53934   0.0190144
         258    -2.45521    -2.53902   0.0189435
         259     -2.5135    -2.53892   0.0188706
         260    -2.52029    -2.53885   0.0187981
         261     -2.5218    -2.53878   0.0187262
         262    -2.62203     -2.5391   0.0186574
         263    -2.60053    -2.53933    0.018588
         264    -2.62428    -2.53965   0.0185203
         265    -2.60805    -2.53991   0.0184522
         266    -2.55189    -2.53996   0.0183829
         267    -2.56149    -2.54004   0.0183143
         268    -2.47487    -2.53979   0.0182475
         269    -2.41983    -2.53935   0.0181851
         270    -2.42861    -2.53894   0.0181224
         271    -2.48076    -2.53872   0.0180568
         272     -2.5055     -2.5386   0.0179908
         273     -2.5099     -2.5385   0.0179253
         274    -2.50937    -2.53839   0.0178601
         275     -2.5669    -2.53849   0.0177955
         276    -2.56419    -2.53859   0.0177313
         277    -2.58636    -2.53876   0.0176681
         278     -2.6032    -2.53899   0.0176061
         279    -2.55933    -2.53906   0.0175431
         280    -2.56242    -2.53915   0.0174807
         281    -2.58916    -2.53933   0.0174194
         282    -2.57809    -2.53946   0.0173581
         283    -2.53273    -2.53944   0.0172968
         284    -2.54814    -2.53947   0.0172359
         285    -2.53034    -2.53944   0.0171755
         286    -2.50666    -2.53932   0.0171158
         287    -2.49527    -2.53917   0.0170569
         288    -2.53472    -2.53915   0.0169976
         289     -2.5958    -2.53935     0.01694
         290    -2.61281     -2.5396   0.0168834
         291    -2.62683     -2.5399   0.0168281
         292    -2.59152    -2.54008   0.0167714
         293    -2.62259    -2.54036   0.0167165
         294    -2.56151    -2.54043   0.0166598
         295    -2.57989    -2.54057   0.0166039
         296    -2.57724    -2.54069   0.0165482
         297    -2.57779    -2.54082    0.016493
         298    -2.57395    -2.54093    0.016438
         299    -2.55694    -2.54098   0.0163831
         300    -2.60004    -2.54118   0.0163297
         301    -2.55578    -2.54123   0.0162755
         302     -2.6035    -2.54143   0.0162229
         303    -2.54934    -2.54146   0.0161694
         304    -2.53611    -2.54144   0.0161162
         305    -2.61143    -2.54167    0.016065
         306    -2.58655    -2.54182   0.0160132
         307    -2.59161    -2.54198   0.0159619
         308    -2.58544    -2.54212   0.0159107
         309    -2.60499    -2.54232   0.0158605
         310    -2.62319    -2.54258   0.0158114
         311    -2.58817    -2.54273   0.0157613
         312    -2.58794    -2.54288   0.0157114
         313    -2.64729    -2.54321   0.0156648
         314    -2.57577    -2.54331   0.0156152
         315    -2.60928    -2.54352   0.0155671
         316    -2.55208    -2.54355   0.0155178
         317    -2.50829    -2.54344   0.0154693
         318    -2.47714    -2.54323    0.015422
         319    -2.49157    -2.54307   0.0153745
         320    -2.51038    -2.54297   0.0153268
         321    -2.53149    -2.54293   0.0152791
         322    -2.57504    -2.54303    0.015232
         323    -2.58256    -2.54315   0.0151853
         324    -2.64703    -2.54347   0.0151418
         325    -2.58469     -2.5436   0.0150958
         326    -2.65331    -2.54394   0.0150532
         327    -2.59384    -2.54409    0.015008
         328     -2.6415    -2.54439   0.0149652
         329    -2.61754    -2.54461   0.0149213
         330    -2.59084    -2.54475   0.0148768
         331    -2.58222    -2.54486   0.0148322
         332    -2.61524    -2.54507   0.0147891
         333    -2.58121    -2.54518   0.0147451
         334    -2.58239    -2.54529   0.0147013
         335    -2.54175    -2.54528   0.0146575
         336    -2.57452    -2.54537   0.0146141
         337    -2.54617    -2.54537   0.0145707
         338    -2.48896    -2.54521   0.0145286
         339    -2.48587    -2.54503   0.0144868
         340     -2.5176    -2.54495   0.0144444
         341    -2.43051    -2.54461   0.0144059
         342    -2.40047    -2.54419     0.01437
         343    -2.41823    -2.54383   0.0143328
         344    -2.40856    -2.54343   0.0142965
         345    -2.42978     -2.5431   0.0142589
         346    -2.41771    -2.54274   0.0142223
         347    -2.39993    -2.54233   0.0141872
         348    -2.46454    -2.54211   0.0141482
         349    -2.43908    -2.54181   0.0141108
         350    -2.44622    -2.54154   0.0140731
         351    -2.49065    -2.54139   0.0140337
         352     -2.4835    -2.54123   0.0139948
         353    -2.49655     -2.5411   0.0139558
         354    -2.52363    -2.54105   0.0139164
         355    -2.58541    -2.54118   0.0138778
         356    -2.55989    -2.54123   0.0138389
         357    -2.55323    -2.54126   0.0138002
         358     -2.5684    -2.54134   0.0137618
         359    -2.56981    -2.54142   0.0137237
         360    -2.51989    -2.54136   0.0136857
         361    -2.48097    -2.54119   0.0136488
         362    -2.48618    -2.54104    0.013612
         363    -2.40904    -2.54068   0.0135793
         364    -2.40588    -2.54031   0.0135471
         365    -2.40243    -2.53993   0.0135152
         366    -2.38521     -2.5395   0.0134849
         367    -2.42006    -2.53918   0.0134521
         368    -2.40495    -2.53881   0.0134205
         369     -2.4563    -2.53859    0.013386
         370     -2.4662     -2.5384   0.0133512
         371    -2.52103    -2.53835   0.0133153
         372    -2.49186    -2.53822   0.0132801
         373    -2.50134    -2.53812   0.0132449
         374    -2.49309      -2.538     0.01321
         375    -2.51897    -2.53795   0.0131749
         376    -2.51643     -2.5379     0.01314
         377    -2.48576    -2.53776   0.0131059
         378     -2.4912    -2.53763   0.0130718
         379    -2.46321    -2.53744   0.0130387
         380    -2.40866     -2.5371   0.0130088
         381    -2.46212     -2.5369   0.0129762
         382    -2.41164    -2.53657   0.0129464
         383    -2.41375    -2.53625   0.0129165
         384    -2.45593    -2.53604   0.0128846
         385    -2.47556    -2.53589   0.0128521
         386    -2.57086    -2.53598   0.0128191
         387    -2.60438    -2.53615   0.0127872
         388    -2.62334    -2.53638   0.0127562
         389    -2.60292    -2.53655   0.0127246
         390    -2.61623    -2.53676   0.0126936
         391     -2.5912    -2.53689   0.0126619
         392    -2.56209    -2.53696   0.0126297
         393    -2.61029    -2.53715    0.012599
         394    -2.55713     -2.5372   0.0125671
         395    -2.53454    -2.53719   0.0125353
         396    -2.53822    -2.53719   0.0125036
         397    -2.51586    -2.53714   0.0124723
         398     -2.4891    -2.53702   0.0124415
         399    -2.47508    -2.53686   0.0124113
         400    -2.50297    -2.53678   0.0123805
         401    -2.49038    -2.53666   0.0123502
         402    -2.42877    -2.53639   0.0123224
         403    -2.53989     -2.5364   0.0122918
         404    -2.56402    -2.53647   0.0122616
         405    -2.65773    -2.53677    0.012235
         406    -2.68397    -2.53713   0.0122102
         407    -2.71045    -2.53756   0.0121876
         408    -2.66214    -2.53786   0.0121616
         409    -2.63196    -2.53809    0.012134
         410    -2.63997    -2.53834    0.012107
         411    -2.58082    -2.53845    0.012078
         412    -2.62396    -2.53865   0.0120504
         413    -2.62898    -2.53887   0.0120232
         414    -2.59133      -2.539   0.0119949
         415     -2.5543    -2.53904    0.011966
         416    -2.53932    -2.53904   0.0119373
         417    -2.51781    -2.53899   0.0119087
         418    -2.56038    -2.53904   0.0118804
         419    -2.58251    -2.53914   0.0118525
         420     -2.5441    -2.53915   0.0118242
         421    -2.57981    -2.53925   0.0117965
         422     -2.6186    -2.53944   0.0117701
         423    -2.61125    -2.53961   0.0117435
         424    -2.63869    -2.53984   0.0117181
         425    -2.59998    -2.53998   0.0116914
         426    -2.62225    -2.54017   0.0116656
         427    -2.60603    -2.54033   0.0116393
         428    -2.63158    -2.54054    0.011614
         429    -2.58958    -2.54066   0.0115875
         430    -2.56345    -2.54071   0.0115607
         431    -2.60217    -2.54085   0.0115347
         432    -2.58541    -2.54096   0.0115085
         433    -2.53178    -2.54093   0.0114819
         434    -2.58453    -2.54103   0.0114559
         435    -2.54553    -2.54104   0.0114296
         436    -2.52356      -2.541   0.0114034
         437     -2.5265    -2.54097   0.0113774
         438    -2.53063    -2.54095   0.0113514
         439    -2.59492    -2.54107   0.0113263
         440    -2.59396    -2.54119   0.0113011
         441     -2.5934    -2.54131   0.0112761
         442    -2.62388     -2.5415   0.0112522
         443    -2.62014    -2.54167   0.0112282
         444    -2.58772    -2.54178   0.0112034
         445    -2.66744    -2.54206   0.0111817
         446    -2.60275     -2.5422   0.0111575
         447    -2.63026    -2.54239   0.0111343
         448    -2.61761    -2.54256   0.0111107
         449     -2.5973    -2.54268   0.0110866
         450    -2.62139    -2.54286   0.0110634
         451    -2.63735    -2.54307   0.0110408
         452    -2.66553    -2.54334   0.0110197
         453    -2.71382    -2.54371   0.0110018
         454    -2.65618    -2.54396   0.0109804
         455    -2.65204     -2.5442   0.0109588
         456     -2.6493    -2.54443   0.0109372
         457    -2.56224    -2.54447   0.0109133
         458    -2.54311    -2.54447   0.0108895
         459    -2.55105    -2.54448   0.0108658
         460     -2.5687    -2.54453   0.0108423
         461    -2.57865    -2.54461    0.010819
         462    -2.58838     -2.5447    0.010796
         463    -2.65049    -2.54493   0.0107751
         464    -2.59326    -2.54503   0.0107524
         465    -2.58903    -2.54513   0.0107297
         466    -2.61316    -2.54527   0.0107077
         467    -2.60711    -2.54541   0.0106856
         468     -2.5917    -2.54551   0.0106632
         469    -2.55824    -2.54553   0.0106405
         470     -2.5554    -2.54555   0.0106179
         471    -2.59575    -2.54566   0.0105959
         472    -2.56236     -2.5457   0.0105735
         473    -2.65259    -2.54592   0.0105535
         474    -2.63538    -2.54611   0.0105329
         475    -2.65458    -2.54634   0.0105132
         476    -2.66777    -2.54659   0.0104943
         477    -2.71467    -2.54695   0.0104782
         478    -2.70485    -2.54728   0.0104615
         479    -2.63556    -2.54746   0.0104412
         480    -2.62531    -2.54762   0.0104207
         481    -2.60594    -2.54775   0.0103998
         482    -2.60368    -2.54786   0.0103789
         483    -2.60459    -2.54798    0.010358
         484    -2.58093    -2.54805   0.0103369
         485    -2.56526    -2.54808   0.0103156
         486    -2.54022    -2.54807   0.0102944
         487    -2.51383      -2.548   0.0102735
         488    -2.46992    -2.54784   0.0102537
         489    -2.51364    -2.54777    0.010233
         490    -2.47513    -2.54762   0.0102131
         491    -2.49972    -2.54752   0.0101928
         492    -2.39824    -2.54722   0.0101766
         493    -2.44733    -2.54701    0.010158
         494    -2.49512    -2.54691    0.010138
         495    -2.42726    -2.54667   0.0101204
         496    -2.42043    -2.54641   0.0101032
         497    -2.43031    -2.54618   0.0100855
         498    -2.42433    -2.54593   0.0100682
         499    -2.50493    -2.54585   0.0100484
         500    -2.46028    -2.54568   0.0100298
         501    -2.50431     -2.5456   0.0100101
         502    -2.57103    -2.54565  0.00999027
         503    -2.53696    -2.54563  0.00997043
         504    -2.54772    -2.54564  0.00995065
         505    -2.60974    -2.54576  0.00993175
         506    -2.59862    -2.54587  0.00991267
         507    -2.62257    -2.54602  0.00989428
         508     -2.6287    -2.54618  0.00987614
         509    -2.57099    -2.54623  0.00985685
         510     -2.5497    -2.54624  0.00983753
         511    -2.55692    -2.54626   0.0098183
         512    -2.50482    -2.54618  0.00979946
         513    -2.50051    -2.54609  0.00978076
         514     -2.4222    -2.54585   0.0097647
         515    -2.42909    -2.54562  0.00974837
         516    -2.46702    -2.54547  0.00973067
         517    -2.49344    -2.54537  0.00971237
         518    -2.51581    -2.54531  0.00969379
         519    -2.55182    -2.54532  0.00967512
         520    -2.54656    -2.54532  0.00965651
         521    -2.55085    -2.54534  0.00963798
         522    -2.56692    -2.54538  0.00961961
         523    -2.54665    -2.54538  0.00960121
         524    -2.58508    -2.54546  0.00958319
         525    -2.56902     -2.5455  0.00956504
         526    -2.49077     -2.5454  0.00954742
         527    -2.55431    -2.54541  0.00952932
         528      -2.556    -2.54543   0.0095113
         529    -2.54726    -2.54544  0.00949332
         530    -2.57865     -2.5455  0.00947561
         531    -2.53355    -2.54548  0.00945779
         532     -2.5472    -2.54548  0.00944002
         533    -2.55642     -2.5455  0.00942233
         534    -2.55394    -2.54552   0.0094047
         535    -2.53002    -2.54549  0.00938716
         536    -2.55514    -2.54551  0.00936966
         537    -2.53614    -2.54549  0.00935223
         538    -2.51724    -2.54544    0.009335
         539    -2.55507    -2.54545   0.0093177
         540    -2.52724    -2.54542   0.0093005
         541    -2.53115    -2.54539  0.00928335
         542    -2.47155    -2.54526  0.00926722
         543    -2.45278    -2.54509  0.00925172
         544    -2.51047    -2.54502  0.00923493
         545    -2.50207    -2.54494  0.00921832
         546    -2.42746    -2.54473  0.00920395
         547    -2.49388    -2.54464  0.00918759
         548    -2.48778    -2.54453  0.00917141
         549    -2.49751    -2.54445  0.00915511
         550    -2.49414    -2.54436  0.00913892
         551    -2.49528    -2.54427  0.00912277
         552    -2.49851    -2.54418  0.00910661
         553    -2.52872    -2.54416  0.00909019
         554    -2.48417    -2.54405  0.00907443
         555    -2.43815    -2.54386  0.00906008
         556    -2.50078    -2.54378  0.00904412
         557    -2.51718    -2.54373  0.00902801
         558    -2.51363    -2.54368  0.00901199
         559    -2.47457    -2.54355  0.00899672
         560    -2.44215    -2.54337  0.00898247
         561    -2.42914    -2.54317  0.00896877
         562    -2.43756    -2.54298  0.00895478
         563    -2.42928    -2.54278  0.00894115
         564    -2.40272    -2.54253  0.00892874
         565    -2.38478    -2.54225  0.00891731
         566    -2.38636    -2.54198   0.0089058
         567     -2.4285    -2.54178  0.00889234
         568    -2.42166    -2.54156   0.0088792
         569    -2.43617    -2.54138  0.00886553
         570    -2.48564    -2.54128  0.00885052
         571     -2.4819    -2.54118  0.00883563
         572    -2.47839    -2.54107  0.00882086
         573    -2.48925    -2.54098  0.00880593
         574    -2.48345    -2.54088  0.00879116
         575     -2.4899    -2.54079  0.00877632
         576    -2.49024     -2.5407  0.00876152
         577     -2.4252     -2.5405  0.00874862
         578    -2.48125     -2.5404  0.00873409
         579    -2.46189    -2.54026  0.00872005
         580    -2.45602    -2.54012  0.00870623
         581    -2.48156    -2.54002  0.00869183
         582    -2.52835       -2.54  0.00867692
         583    -2.50424    -2.53993  0.00866225
         584     -2.4297    -2.53975  0.00864947
         585     -2.3779    -2.53947  0.00863911
         586    -2.43407    -2.53929  0.00862624
         587    -2.36212    -2.53899  0.00861682
         588    -2.38799    -2.53873    0.008606
         589    -2.39419    -2.53849  0.00859488
         590     -2.4302     -2.5383  0.00858227
         591    -2.43409    -2.53813  0.00856956
         592    -2.44656    -2.53797  0.00855648
         593    -2.44302    -2.53781  0.00854355
         594    -2.49671    -2.53774  0.00852945
         595    -2.50312    -2.53768  0.00851531
         596    -2.52165    -2.53766  0.00850107
         597    -2.51145    -2.53761  0.00848694
         598    -2.51832    -2.53758  0.00847281
         599    -2.52798    -2.53756  0.00845868
         600    -2.49186    -2.53749  0.00844493
         601    -2.46588    -2.53737  0.00843172
         602    -2.41451    -2.53716  0.00842018
         603    -2.40594    -2.53695  0.00840903
         604    -2.41454    -2.53674  0.00839755
         605    -2.41711    -2.53655  0.00838599
         606    -2.34769    -2.53624  0.00837794
         607    -2.32037    -2.53588  0.00837169
         608    -2.30246     -2.5355  0.00836672
         609     -2.3072    -2.53512  0.00836137
         610    -2.34702    -2.53481  0.00835335
         611    -2.35134    -2.53451  0.00834507
         612    -2.39052    -2.53428  0.00833475
         613    -2.45619    -2.53415  0.00832213
         614     -2.4201    -2.53396  0.00831065
         615    -2.46304    -2.53385  0.00829793
         616    -2.49492    -2.53379   0.0082847
         617    -2.44442    -2.53364  0.00827254
         618    -2.47463    -2.53354  0.00825971
         619    -2.45781    -2.53342  0.00824727
         620    -2.42998    -2.53326  0.00823566
         621    -2.41764    -2.53307   0.0082245
         622    -2.46617    -2.53296  0.00821198
         623    -2.46781    -2.53286  0.00819946
         624    -2.49214    -2.53279  0.00818658
         625    -2.50871    -2.53275  0.00817357
         626    -2.52178    -2.53274  0.00816054
         627    -2.51231     -2.5327  0.00814759
         628    -2.54568    -2.53272  0.00813464
         629    -2.51371    -2.53269  0.00812176
         630    -2.53829     -2.5327  0.00810888
         631    -2.50683    -2.53266  0.00809613
         632    -2.54197    -2.53268  0.00808333
         633    -2.49166    -2.53261  0.00807082
         634    -2.50197    -2.53256  0.00805824
         635    -2.44016    -2.53242  0.00804686
         636    -2.45847     -2.5323  0.00803505
         637    -2.39436    -2.53208  0.00802535
         638    -2.42689    -2.53192  0.00801447
         639    -2.43022    -2.53176   0.0080035
         640     -2.4541    -2.53164  0.00799192
         641    -2.49278    -2.53158  0.00797968
         642    -2.47211    -2.53149  0.00796779
         643     -2.5188    -2.53147  0.00795542
         644    -2.46241    -2.53136  0.00794379
         645    -2.42279    -2.53119  0.00793326
         646    -2.44055    -2.53105  0.00792222
         647    -2.39687    -2.53084  0.00791269
         648    -2.41928    -2.53067  0.00790235
         649    -2.42406    -2.53051  0.00789188
         650    -2.43383    -2.53036  0.00788114
         651    -2.44178    -2.53022  0.00787021
         652    -2.43382    -2.53007  0.00785953
         653    -2.41971    -2.52991  0.00784931
         654    -2.43777    -2.52976  0.00783857
         655    -2.47857    -2.52969  0.00782699
         656    -2.44187    -2.52955   0.0078162
         657    -2.52427    -2.52954  0.00780431
         658    -2.55725    -2.52959  0.00779257
         659    -2.55438    -2.52962  0.00778083
         660    -2.53477    -2.52963  0.00776905
         661    -2.55925    -2.52968  0.00775742
         662    -2.57632    -2.52975  0.00774602
         663    -2.61828    -2.52988  0.00773549
         664    -2.59549    -2.52998  0.00772447
         665    -2.54791    -2.53001   0.0077129
         666    -2.55534    -2.53004  0.00770142
         667    -2.56285    -2.53009  0.00769003
         668    -2.50797    -2.53006  0.00767859
         669    -2.53172    -2.53006  0.00766711
         670    -2.54471    -2.53008   0.0076557
         671    -2.52797    -2.53008  0.00764429
         672    -2.52083    -2.53007  0.00763293
         673    -2.54105    -2.53008   0.0076216
         674    -2.55555    -2.53012  0.00761039
         675    -2.60264    -2.53023  0.00759987
         676     -2.6622    -2.53042  0.00759113
         677    -2.69358    -2.53067  0.00758375
         678    -2.68699     -2.5309  0.00757607
         679    -2.62944    -2.53104   0.0075663
         680    -2.60204    -2.53115  0.00755589
         681    -2.51812    -2.53113  0.00754482
         682    -2.51865    -2.53111  0.00753378
         683    -2.44228    -2.53098  0.00752387
         684    -2.42926    -2.53083  0.00751434
         685    -2.43191    -2.53069  0.00750476
         686    -2.42169    -2.53053   0.0074955
         687    -2.48552    -2.53046  0.00748488
         688    -2.43289    -2.53032  0.00747534
         689    -2.48059    -2.53025  0.00746484
         690    -2.44217    -2.53012  0.00745511
         691    -2.52063    -2.53011  0.00744434
         692    -2.44245    -2.52998  0.00743466
         693    -2.43883    -2.52985  0.00742509
         694    -2.40509    -2.52967  0.00741657
         695    -2.46378    -2.52957   0.0074065
         696    -2.46401    -2.52948  0.00739646
         697    -2.46732    -2.52939  0.00738639
         698     -2.4817    -2.52932  0.00737612
         699     -2.5133     -2.5293   0.0073656
         700     -2.5111    -2.52927  0.00735513
         701    -2.54872     -2.5293  0.00734469
         702    -2.59522    -2.52939  0.00733482
         703    -2.61698    -2.52952  0.00732545
         704    -2.52167    -2.52951  0.00731505
         705    -2.55287    -2.52954  0.00730475
         706    -2.56849     -2.5296  0.00729461
         707    -2.53056     -2.5296  0.00728429
         708    -2.49846    -2.52955  0.00727414
         709    -2.51954    -2.52954  0.00726389
         710    -2.47472    -2.52946  0.00725407
         711    -2.54744    -2.52949  0.00724391
         712    -2.59093    -2.52957  0.00723425
         713    -2.50198    -2.52953  0.00722421
         714    -2.57705     -2.5296   0.0072144
         715    -2.52688     -2.5296  0.00720431
         716    -2.50007    -2.52956  0.00719437
         717    -2.52516    -2.52955  0.00718434
         718     -2.5007    -2.52951  0.00717444
         719    -2.50617    -2.52948  0.00716454
         720    -2.51581    -2.52946  0.00715461
         721    -2.48482     -2.5294  0.00714496
         722    -2.54504    -2.52942  0.00713509
         723    -2.51436     -2.5294  0.00712525
         724     -2.4823    -2.52933  0.00711571
         725    -2.46346    -2.52924  0.00710647
         726    -2.45224    -2.52914  0.00709748
         727    -2.46129    -2.52904  0.00708833
         728    -2.52393    -2.52903   0.0070786
         729    -2.54663    -2.52906  0.00706893
         730    -2.54887    -2.52909   0.0070593
         731    -2.57277    -2.52915  0.00704989
         732    -2.54955    -2.52917  0.00704032
         733    -2.56575    -2.52922  0.00703089
         734    -2.50432    -2.52919  0.00702139
         735    -2.51313    -2.52917  0.00701187
         736    -2.44602    -2.52905  0.00700325
         737    -2.49361    -2.52901  0.00699392
         738     -2.4377    -2.52888  0.00698553
         739    -2.40965    -2.52872  0.00697794
         740    -2.38164    -2.52852  0.00697135
         741    -2.35299    -2.52829  0.00696596
         742    -2.35794    -2.52806  0.00696035
         743    -2.39463    -2.52788   0.0069533
         744    -2.39563     -2.5277  0.00694623
         745    -2.41987    -2.52755  0.00693841
         746    -2.42625    -2.52742  0.00693044
         747    -2.52524    -2.52742  0.00692116
         748    -2.49008    -2.52737  0.00691209
         749    -2.49171    -2.52732  0.00690303
         750    -2.47351    -2.52725   0.0068942
         751    -2.48767    -2.52719  0.00688522
         752    -2.40142    -2.52703  0.00687809
         753     -2.4024    -2.52686  0.00687095
         754    -2.35319    -2.52663   0.0068657
         755    -2.35826    -2.52641  0.00686022
         756    -2.31446    -2.52613  0.00685687
         757    -2.33677    -2.52588  0.00685238
         758    -2.34032    -2.52563  0.00684771
         759    -2.38051    -2.52544  0.00684135
         760    -2.43727    -2.52533  0.00683334
         761    -2.47772    -2.52526  0.00682464
         762    -2.52001    -2.52526  0.00681569
         763    -2.57859    -2.52533  0.00680712
         764    -2.53922    -2.52534  0.00679823
         765    -2.52937    -2.52535  0.00678935
         766    -2.48206    -2.52529  0.00678072
         767    -2.45407     -2.5252  0.00677251
         768    -2.39433    -2.52503  0.00676584
         769    -2.40906    -2.52488  0.00675872
         770    -2.42941    -2.52475  0.00675108
         771    -2.38594    -2.52457  0.00674472
         772    -2.41084    -2.52443   0.0067376
         773    -2.42439     -2.5243  0.00673012
         774    -2.41805    -2.52416  0.00672283
         775    -2.39688      -2.524  0.00671616
         776    -2.41095    -2.52385  0.00670908
         777     -2.3854    -2.52367  0.00670281
         778    -2.41078    -2.52353  0.00669577
         779    -2.42466     -2.5234  0.00668838
         780    -2.41962    -2.52327  0.00668113
         781    -2.42313    -2.52314   0.0066738
         782    -2.41582      -2.523  0.00666668
         783    -2.43938    -2.52289  0.00665902
         784    -2.49341    -2.52286  0.00665063
         785    -2.51063    -2.52284  0.00664218
         786    -2.44932    -2.52275  0.00663439
         787    -2.53209    -2.52276  0.00662597
         788    -2.50441    -2.52274   0.0066176
         789    -2.55558    -2.52278  0.00660934
         790    -2.50341    -2.52275  0.00660102
         791    -2.48725    -2.52271  0.00659283
         792    -2.43751     -2.5226  0.00658538
         793    -2.45268    -2.52251  0.00657767
         794    -2.44093    -2.52241  0.00657019
         795    -2.41612    -2.52228  0.00656328
         796     -2.4709    -2.52221  0.00655535
         797    -2.44057    -2.52211  0.00654793
         798    -2.44424    -2.52201  0.00654045
         799    -2.54034    -2.52204   0.0065323
         800    -2.50966    -2.52202  0.00652416
         801    -2.50566      -2.522  0.00651604
         802    -2.46826    -2.52193  0.00650826
         803    -2.46483    -2.52186  0.00650055
         804    -2.47456     -2.5218  0.00649273
         805    -2.37912    -2.52163  0.00648708
         806    -2.37051    -2.52144  0.00648174
         807      -2.409     -2.5213  0.00647521
         808    -2.39747    -2.52115  0.00646901
         809    -2.41273    -2.52101   0.0064624
         810    -2.38908    -2.52085  0.00645647
         811     -2.4228    -2.52073  0.00644964
         812    -2.42094     -2.5206  0.00644287
         813    -2.38317    -2.52044  0.00643716
         814    -2.45173    -2.52035  0.00642981
         815     -2.4063    -2.52021  0.00642344
         816    -2.48243    -2.52016  0.00641574
         817    -2.52106    -2.52017  0.00640789
         818    -2.55076     -2.5202  0.00640016
         819     -2.5416    -2.52023   0.0063924
         820    -2.50584    -2.52021  0.00638463
         821    -2.51727    -2.52021  0.00637685
         822    -2.55284    -2.52025  0.00636922
         823    -2.53114    -2.52026  0.00636149
         824    -2.53775    -2.52028  0.00635381
         825    -2.53524     -2.5203  0.00634613
         826    -2.57875    -2.52037  0.00633884
         827    -2.51965    -2.52037  0.00633118
         828    -2.51423    -2.52036  0.00632354
         829    -2.47947    -2.52031   0.0063161
         830    -2.46951    -2.52025  0.00630879
         831     -2.4665    -2.52019  0.00630153
         832    -2.43535    -2.52009  0.00629478
         833    -2.44687       -2.52  0.00628784
         834    -2.48434    -2.51996  0.00628044
         835    -2.46965    -2.51989  0.00627321
         836    -2.49874    -2.51987  0.00626576
         837    -2.53224    -2.51988  0.00625829
         838    -2.50129    -2.51986  0.00625086
         839    -2.52559    -2.51987  0.00624341
         840    -2.52911    -2.51988  0.00623599
         841    -2.50592    -2.51986   0.0062286
         842     -2.4678     -2.5198  0.00622151
         843    -2.49344    -2.51977   0.0062142
         844    -2.44735    -2.51968  0.00620743
         845    -2.40126    -2.51954  0.00620167
         846    -2.35039    -2.51934  0.00619756
         847    -2.39098    -2.51919   0.0061921
         848    -2.35986      -2.519  0.00618765
         849    -2.37486    -2.51884  0.00618269
         850    -2.41422    -2.51871  0.00617664
         851    -2.43789    -2.51862  0.00617011
         852    -2.47651    -2.51857  0.00616307
         853    -2.54205     -2.5186   0.0061559
         854    -2.56404    -2.51865  0.00614892
         855    -2.57416    -2.51871  0.00614207
         856    -2.59151     -2.5188  0.00613549
         857    -2.55058    -2.51884  0.00612844
         858    -2.51343    -2.51883   0.0061213
         859    -2.46161    -2.51876  0.00611454
         860    -2.41855    -2.51865  0.00610854
         861    -2.34271    -2.51844  0.00610486
         862    -2.34317    -2.51824  0.00610116
         863    -2.35856    -2.51805   0.0060969
         864    -2.36905    -2.51788  0.00609228
         865    -2.36918    -2.51771  0.00608766
         866    -2.42446     -2.5176  0.00608159
         867    -2.44815    -2.51752   0.0060751
         868    -2.51747    -2.51752   0.0060681
         869    -2.59193    -2.51761  0.00606172
         870     -2.6049    -2.51771  0.00605558
         871    -2.57313    -2.51777  0.00604897
         872    -2.62837     -2.5179  0.00604336
         873    -2.60916      -2.518  0.00603734
         874    -2.57608    -2.51807   0.0060308
         875    -2.48451    -2.51803  0.00602403
         876    -2.50128    -2.51801  0.00601718
         877     -2.4482    -2.51793  0.00601085
         878    -2.42867    -2.51783  0.00600486
         879    -2.36557    -2.51766  0.00600053
         880    -2.39395    -2.51752  0.00599535
         881    -2.41397     -2.5174   0.0059897
         882    -2.41738    -2.51729  0.00598398
         883    -2.43972     -2.5172  0.00597785
         884    -2.41143    -2.51708  0.00597229
         885    -2.45779    -2.51701  0.00596591
         886    -2.42839    -2.51691  0.00596002
         887    -2.43563    -2.51682    0.005954
         888    -2.52359    -2.51683   0.0059473
         889    -2.51299    -2.51682  0.00594061
         890    -2.52866    -2.51684  0.00593395
         891    -2.55191    -2.51687  0.00592743
         892    -2.56164    -2.51693  0.00592099
         893    -2.55108    -2.51696  0.00591449
         894    -2.52802    -2.51698  0.00590788
         895    -2.53246    -2.51699  0.00590131
         896    -2.48708    -2.51696  0.00589482
         897    -2.40248    -2.51683  0.00588962
         898    -2.44833    -2.51676  0.00588356
         899     -2.4347    -2.51666  0.00587772
         900    -2.44498    -2.51658  0.00587173
         901    -2.44066     -2.5165  0.00586582
         902    -2.50936    -2.51649  0.00585932
         903    -2.49279    -2.51647  0.00585289
         904    -2.48881    -2.51644   0.0058465
         905    -2.52641    -2.51645  0.00584005
         906    -2.48324    -2.51641  0.00583372
         907    -2.44311    -2.51633  0.00582785
         908    -2.40483    -2.51621  0.00582272
         909    -2.43266    -2.51611  0.00581704
         910    -2.42237    -2.51601  0.00581156
         911    -2.45359    -2.51594  0.00580558
         912    -2.46669    -2.51589  0.00579947
         913    -2.52973     -2.5159  0.00579314
         914    -2.55871    -2.51595  0.00578699
         915    -2.53106    -2.51597  0.00578069
         916    -2.53022    -2.51598   0.0057744
         917    -2.45054    -2.51591  0.00576854
         918    -2.44227    -2.51583  0.00576282
         919    -2.44393    -2.51575  0.00575708
         920    -2.35681    -2.51558  0.00575341
         921    -2.33774    -2.51539   0.0057504
         922    -2.34296     -2.5152  0.00574721
         923    -2.37432    -2.51505  0.00574301
         924    -2.41343    -2.51494  0.00573784
         925    -2.47318    -2.51489  0.00573182
         926      -2.486    -2.51486  0.00572571
         927      -2.468    -2.51481  0.00571976
         928    -2.50191     -2.5148  0.00571361
         929    -2.50663    -2.51479  0.00570747
         930    -2.48057    -2.51475  0.00570145
         931    -2.46646     -2.5147  0.00569556
         932    -2.42567     -2.5146  0.00569025
         933    -2.44697    -2.51453  0.00568462
         934    -2.45146    -2.51446  0.00567893
         935    -2.49889    -2.51445  0.00567288
         936    -2.41371    -2.51434  0.00566784
         937    -2.42071    -2.51424  0.00566267
         938    -2.39555    -2.51411  0.00565805
         939    -2.41101      -2.514  0.00565309
         940    -2.34903    -2.51383   0.0056498
         941    -2.37157    -2.51368  0.00564582
         942    -2.34977     -2.5135   0.0056425
         943    -2.34388    -2.51332  0.00563939
         944    -2.41611    -2.51322  0.00563435
         945    -2.35978    -2.51306  0.00563073
         946    -2.38161    -2.51292  0.00562649
         947    -2.40951    -2.51281  0.00562161
         948    -2.33027    -2.51262  0.00561898
         949    -2.33204    -2.51243  0.00561628
         950    -2.35521    -2.51226   0.0056128
         951    -2.29667    -2.51203  0.00561148
         952    -2.33633    -2.51185  0.00560862
         953    -2.38036    -2.51171  0.00560443
         954    -2.41776    -2.51161  0.00559942
         955    -2.36393    -2.51146  0.00559569
         956    -2.42982    -2.51137  0.00559049
         957    -2.49473    -2.51136  0.00558467
         958    -2.48742    -2.51133   0.0055789
         959    -2.48285     -2.5113  0.00557316
         960    -2.53678    -2.51133  0.00556742
         961    -2.56697    -2.51139  0.00556193
         962    -2.60474    -2.51148  0.00555699
         963    -2.58823    -2.51156  0.00555179
         964    -2.58698    -2.51164  0.00554659
         965    -2.57057     -2.5117  0.00554117
         966    -2.48728    -2.51168   0.0055355
         967    -2.45068    -2.51161  0.00553013
         968    -2.39584    -2.51149  0.00552571
         969    -2.40375    -2.51138  0.00552113
         970    -2.36581    -2.51123  0.00551747
         971    -2.37078    -2.51109  0.00551369
         972    -2.43005      -2.511  0.00550865
         973    -2.43269    -2.51092  0.00550357
         974    -2.49057     -2.5109  0.00549796
         975    -2.54765    -2.51094  0.00549245
         976    -2.52548    -2.51096  0.00548684
         977    -2.53142    -2.51098  0.00548127
         978    -2.49669    -2.51096  0.00547568
         979    -2.60399    -2.51106  0.00547091
         980    -2.58025    -2.51113  0.00546579
         981    -2.64715    -2.51127  0.00546197
         982     -2.5906    -2.51135  0.00545701
         983    -2.59258    -2.51143  0.00545208
         984    -2.62052    -2.51154  0.00544767
         985    -2.56166    -2.51159  0.00544238
         986    -2.53647    -2.51162  0.00543692
         987    -2.52433    -2.51163  0.00543142
         988    -2.49554    -2.51161  0.00542595
         989    -2.42972    -2.51153   0.0054211
         990    -2.45256    -2.51147  0.00541595
         991    -2.45688    -2.51142  0.00541076
         992    -2.44823    -2.51135  0.00540568
         993    -2.42781    -2.51127  0.00540089
         994    -2.41562    -2.51117  0.00539632
         995    -2.43313    -2.51109  0.00539146
         996      -2.442    -2.51102   0.0053865
         997    -2.36737    -2.51088  0.00538302
         998    -2.40139    -2.51077  0.00537874
         999    -2.37709    -2.51064  0.00537502
        1000    -2.39327    -2.51052  0.00537093
        1001    -2.43377    -2.51044  0.00536611
        1002    -2.36716     -2.5103  0.00536266
        1003    -2.46991    -2.51026  0.00535747
        1004    -2.43508    -2.51018  0.00535265
        1005    -2.43748    -2.51011  0.00534782
        1006    -2.43878    -2.51004  0.00534297
        1007    -2.40761    -2.50994  0.00533863
        1008    -2.39274    -2.50982   0.0053346
        1009    -2.36994    -2.50968  0.00533112
        1010    -2.36934    -2.50955  0.00532765
        1011    -2.41838    -2.50946  0.00532314
        1012    -2.35104     -2.5093  0.00532018
        1013     -2.3388    -2.50913  0.00531759
        1014    -2.38513    -2.50901  0.00531375
        1015    -2.44631    -2.50895  0.00530888
        1016    -2.48124    -2.50892  0.00530372
        1017     -2.4451    -2.50886  0.00529888
        1018    -2.43171    -2.50878  0.00529422
        1019    -2.43254    -2.50871  0.00528955
        1020    -2.46669    -2.50866  0.00528452
        1021    -2.47893    -2.50864  0.00527943
        1022    -2.44754    -2.50858   0.0052746
        1023      -2.416    -2.50849  0.00527022
        1024    -2.46974    -2.50845  0.00526521
        1025    -2.42873    -2.50837  0.00526065
        1026    -2.41767    -2.50828  0.00525626
        1027    -2.46886    -2.50824  0.00525129
        1028    -2.51259    -2.50825  0.00524618
        1029    -2.51941    -2.50826  0.00524109
        1030    -2.52786    -2.50828  0.00523604
        1031    -2.58985    -2.50836  0.00523156
        1032    -2.55889     -2.5084  0.00522672
        1033    -2.48732    -2.50838   0.0052217
        1034    -2.56587    -2.50844  0.00521694
        1035    -2.52333    -2.50845  0.00521192
        1036    -2.49685    -2.50844   0.0052069
        1037    -2.41871    -2.50836   0.0052026
        1038    -2.43923    -2.50829  0.00519801
        1039    -2.38902    -2.50818  0.00519428
        1040    -2.42359    -2.50809  0.00518992
        1041    -2.47004    -2.50806  0.00518506
        1042     -2.5019    -2.50805  0.00518009
        1043    -2.58852    -2.50813   0.0051757
        1044     -2.5538    -2.50817  0.00517093
        1045    -2.57365    -2.50824  0.00516636
        1046    -2.57875     -2.5083  0.00516186
        1047    -2.60406    -2.50839  0.00515774
        1048    -2.58016    -2.50846  0.00515327
        1049     -2.5641    -2.50852  0.00514863
        1050     -2.5198    -2.50853  0.00514374
        1051    -2.43287    -2.50845  0.00513935
        1052    -2.37369    -2.50833  0.00513606
        1053    -2.30973    -2.50814  0.00513465
        1054    -2.30526    -2.50795  0.00513338
        1055     -2.2991    -2.50775  0.00513233
        1056     -2.3655    -2.50761  0.00512924
        1057    -2.40102    -2.50751  0.00512538
        1058    -2.47577    -2.50748  0.00512062
        1059    -2.40568    -2.50739  0.00511669
        1060    -2.47315    -2.50735  0.00511196
        1061    -2.47362    -2.50732  0.00510724
        1062    -2.46387    -2.50728   0.0051026
        1063    -2.46603    -2.50724  0.00509794
        1064    -2.40816    -2.50715    0.005094
        1065    -2.41485    -2.50706  0.00508996
        1066    -2.41145    -2.50697  0.00508597
        1067    -2.41221    -2.50688  0.00508198
        1068    -2.42762    -2.50681  0.00507777
        1069    -2.46242    -2.50677  0.00507319
        1070    -2.48308    -2.50675  0.00506849
        1071    -2.52028    -2.50676  0.00506378
        1072    -2.55655     -2.5068  0.00505926
        1073    -2.61946    -2.50691  0.00505564
        1074    -2.67096    -2.50706  0.00505324
        1075     -2.6302    -2.50718  0.00504984
        1076    -2.64029     -2.5073  0.00504666
        1077    -2.65845    -2.50744  0.00504392
        1078    -2.65699    -2.50758  0.00504115
        1079    -2.58921    -2.50766  0.00503705
        1080    -2.52783    -2.50767  0.00503242
        1081    -2.51718    -2.50768  0.00502777
        1082     -2.5396    -2.50771  0.00502321
        1083    -2.47652    -2.50768  0.00501865
        1084    -2.50117    -2.50768  0.00501403
        1085    -2.47354    -2.50765  0.00500951
        1086    -2.48817    -2.50763  0.00500492
        1087    -2.44209    -2.50757  0.00500068
        1088    -2.42819    -2.50749  0.00499662
        1089    -2.44343    -2.50744  0.00499238
        1090    -2.39962    -2.50734  0.00498878
        1091     -2.4183    -2.50726  0.00498487
        1092    -2.45537    -2.50721  0.00498053
        1093    -2.50812    -2.50721  0.00497598
        1094    -2.57154    -2.50727  0.00497178
        1095    -2.59749    -2.50735  0.00496792
        1096    -2.61639    -2.50745  0.00496438
        1097    -2.54856    -2.50749     0.00496
        1098    -2.54443    -2.50752  0.00495559
        1099    -2.47709    -2.50749  0.00495116
        1100    -2.42272    -2.50742  0.00494726
        1101    -2.42404    -2.50734  0.00494335
        1102    -2.41511    -2.50726  0.00493957
        1103    -2.40356    -2.50716  0.00493599
        1104    -2.45511    -2.50712  0.00493174
        1105    -2.48743     -2.5071  0.00492731
        1106    -2.51993    -2.50711  0.00492287
        1107    -2.50701    -2.50711  0.00491842
        1108    -2.51193    -2.50711  0.00491398
        1109    -2.45494    -2.50707  0.00490978
        1110    -2.43173      -2.507  0.00490582
        1111    -2.44367    -2.50694  0.00490174
        1112      -2.479    -2.50692   0.0048974
        1113    -2.38584    -2.50681   0.0048942
        1114    -2.34709    -2.50666  0.00489191
        1115    -2.35559    -2.50653   0.0048894
        1116    -2.38709    -2.50642  0.00488619
        1117    -2.37287     -2.5063  0.00488328
        1118    -2.40439    -2.50621  0.00487976
        1119    -2.42164    -2.50614  0.00487598
        1120    -2.43307    -2.50607  0.00487207
        1121    -2.43613    -2.50601  0.00486812
        1122    -2.42447    -2.50593  0.00486432
        1123    -2.43607    -2.50587  0.00486039
        1124    -2.43374    -2.50581  0.00485649
        1125    -2.37666    -2.50569  0.00485353
        1126     -2.4333    -2.50563  0.00484964
        1127    -2.41647    -2.50555  0.00484599
        1128     -2.3498    -2.50541  0.00484366
        1129    -2.35784    -2.50528  0.00484113
        1130    -2.35848    -2.50515  0.00483859
        1131    -2.38449    -2.50504  0.00483549
        1132    -2.38834    -2.50494  0.00483231
        1133    -2.38867    -2.50484  0.00482914
        1134    -2.35254     -2.5047  0.00482675
        1135    -2.40056    -2.50461  0.00482337
        1136     -2.3818    -2.50451  0.00482033
        1137    -2.35851    -2.50438   0.0048178
        1138    -2.38144    -2.50427  0.00481478
        1139     -2.4615    -2.50423   0.0048107
        1140    -2.44059    -2.50418   0.0048068
        1141    -2.51042    -2.50418  0.00480259
        1142    -2.44061    -2.50413  0.00479871
        1143     -2.5234    -2.50414  0.00479454
        1144     -2.5296    -2.50416   0.0047904
        1145     -2.4855    -2.50415  0.00478625
        1146    -2.51043    -2.50415  0.00478207
        1147    -2.43638    -2.50409  0.00477827
        1148    -2.42733    -2.50403  0.00477457
        1149    -2.46243    -2.50399  0.00477056
        1150    -2.47148    -2.50396  0.00476649
        1151    -2.46381    -2.50393  0.00476248
        1152    -2.49897    -2.50392  0.00475835
        1153    -2.49413    -2.50392  0.00475423
        1154    -2.54104    -2.50395  0.00475022
        1155    -2.51187    -2.50395  0.00474611
        1156    -2.48982    -2.50394  0.00474202
        1157     -2.5034    -2.50394  0.00473792
        1158    -2.48186    -2.50392  0.00473387
        1159    -2.48977    -2.50391   0.0047298
        1160    -2.50206    -2.50391  0.00472572
        1161    -2.51476    -2.50392  0.00472166
        1162     -2.5003    -2.50391   0.0047176
        1163    -2.50078    -2.50391  0.00471354
        1164    -2.52166    -2.50393  0.00470952
        1165    -2.55655    -2.50397  0.00470569
        1166    -2.55911    -2.50402  0.00470189
        1167    -2.53912    -2.50405  0.00469796
        1168     -2.5665     -2.5041  0.00469424
        1169    -2.53264    -2.50413  0.00469029
        1170    -2.52562    -2.50415  0.00468632
        1171     -2.4796    -2.50413  0.00468236
        1172    -2.45497    -2.50408  0.00467855
        1173    -2.49128    -2.50407  0.00467458
        1174    -2.43546    -2.50401  0.00467096
        1175    -2.46247    -2.50398  0.00466712
        1176    -2.46377    -2.50394  0.00466328
        1177    -2.45824    -2.50391  0.00465948
        1178    -2.42431    -2.50384  0.00465601
        1179    -2.45889     -2.5038  0.00465222
        1180    -2.43945    -2.50375   0.0046486
        1181    -2.47568    -2.50372  0.00464472
        1182    -2.44533    -2.50367  0.00464105
        1183    -2.51767    -2.50368  0.00463715
        1184    -2.52042     -2.5037  0.00463325
        1185    -2.53572    -2.50373  0.00462942
        1186    -2.56679    -2.50378  0.00462582
        1187    -2.53643    -2.50381  0.00462201
        1188    -2.49733     -2.5038  0.00461812
        1189    -2.53853    -2.50383  0.00461433
        1190    -2.50247    -2.50383  0.00461045
        1191    -2.48759    -2.50381   0.0046066
        1192    -2.48214     -2.5038  0.00460277
        1193    -2.48576    -2.50378  0.00459894
        1194    -2.49086    -2.50377   0.0045951
        1195    -2.53296     -2.5038  0.00459132
        1196    -2.56843    -2.50385   0.0045878
        1197     -2.5641     -2.5039  0.00458424
        1198    -2.55567    -2.50394  0.00458062
        1199    -2.55467    -2.50399  0.00457699
        1200    -2.55535    -2.50403  0.00457338
        1201    -2.52077    -2.50404  0.00456959
        1202    -2.53434    -2.50407  0.00456586
        1203     -2.5525    -2.50411  0.00456224
        1204    -2.52616    -2.50413  0.00455849
        1205    -2.51318    -2.50413  0.00455471
        1206    -2.53168    -2.50416  0.00455099
        1207    -2.53354    -2.50418  0.00454729
        1208    -2.49921    -2.50418  0.00454352
        1209    -2.54916    -2.50421  0.00453992
        1210    -2.48741     -2.5042  0.00453619
        1211    -2.44911    -2.50415  0.00453267
        1212    -2.42315    -2.50409  0.00452942
        1213    -2.40716    -2.50401  0.00452639
        1214    -2.38451    -2.50391  0.00452374
        1215     -2.3669     -2.5038  0.00452142
        1216     -2.3725    -2.50369  0.00451899
        1217    -2.43528    -2.50363  0.00451563
        1218    -2.44847    -2.50359  0.00451214
        1219    -2.46951    -2.50356  0.00450853
        1220    -2.53818    -2.50359  0.00450492
        1221    -2.51896     -2.5036  0.00450125
        1222    -2.55139    -2.50364  0.00449774
        1223    -2.46099     -2.5036   0.0044942
        1224    -2.53601    -2.50363   0.0044906
        1225     -2.5042    -2.50363  0.00448694
        1226    -2.55126    -2.50367  0.00448344
        1227    -2.53103    -2.50369  0.00447985
        1228     -2.5917    -2.50376  0.00447677
        1229    -2.58418    -2.50383  0.00447361
        1230    -2.52682    -2.50385  0.00447001
        1231     -2.4798    -2.50383  0.00446642
        1232    -2.45244    -2.50379  0.00446299
        1233    -2.41142    -2.50371     0.00446
        1234    -2.45726    -2.50367  0.00445654
        1235     -2.4318    -2.50362  0.00445331
        1236    -2.44791    -2.50357  0.00444994
        1237    -2.49332    -2.50356  0.00444635
        1238    -2.53632    -2.50359  0.00444284
        1239    -2.49787    -2.50358  0.00443925
        1240    -2.52017     -2.5036  0.00443569
        1241     -2.5513    -2.50364  0.00443229
        1242    -2.55425    -2.50368   0.0044289
        1243    -2.54337    -2.50371  0.00442546
        1244    -2.54249    -2.50374  0.00442201
        1245    -2.52102    -2.50375  0.00441848
        1246    -2.56021     -2.5038  0.00441517
        1247    -2.50612     -2.5038  0.00441163
        1248    -2.49926     -2.5038  0.00440809
        1249    -2.45773    -2.50376  0.00440472
        1250    -2.45384    -2.50372  0.00440137
        1251    -2.44817    -2.50368  0.00439808
        1252    -2.43976    -2.50363  0.00439486
        1253    -2.46161    -2.50359  0.00439148
        1254    -2.48358    -2.50358  0.00438801
        1255    -2.47128    -2.50355  0.00438459
        1256    -2.48562    -2.50354  0.00438112
        1257    -2.59217    -2.50361   0.0043782
        1258    -2.55848    -2.50365  0.00437494
        1259     -2.5376    -2.50368  0.00437155
        1260    -2.50186    -2.50368  0.00436808
        1261    -2.55254    -2.50371  0.00436479
        1262    -2.50388    -2.50371  0.00436133
        1263    -2.48023     -2.5037  0.00435792
        1264    -2.46781    -2.50367  0.00435456
        1265    -2.52518    -2.50368  0.00435115
        1266    -2.49136    -2.50367  0.00434773
        1267    -2.45817    -2.50364  0.00434444
        1268    -2.44334    -2.50359  0.00434128
        1269    -2.45952    -2.50356  0.00433799
        1270     -2.5013    -2.50355  0.00433458
        1271    -2.43908     -2.5035  0.00433147
        1272    -2.42121    -2.50344  0.00432854
        1273    -2.42442    -2.50338  0.00432559
        1274    -2.46589    -2.50335  0.00432229
        1275    -2.42183    -2.50328  0.00431938
        1276     -2.4337    -2.50323  0.00431633
        1277    -2.46112     -2.5032  0.00431308
        1278    -2.48859    -2.50318  0.00430972
        1279    -2.43616    -2.50313  0.00430667
        1280    -2.44099    -2.50308  0.00430358
        1281      -2.561    -2.50313  0.00430046
        1282    -2.49912    -2.50313   0.0042971
        1283    -2.52627    -2.50314  0.00429379
        1284    -2.48772    -2.50313  0.00429046
        1285    -2.41468    -2.50306  0.00428768
        1286     -2.4148    -2.50299  0.00428489
        1287    -2.38092     -2.5029  0.00428261
        1288    -2.32569    -2.50276   0.0042815
        1289    -2.33888    -2.50263  0.00428006
        1290    -2.34478    -2.50251  0.00427849
        1291    -2.32612    -2.50238  0.00427736
        1292      -2.376    -2.50228  0.00427517
        1293    -2.36925    -2.50218   0.0042731
        1294    -2.42487    -2.50212  0.00427022
        1295    -2.41021    -2.50204  0.00426751
        1296    -2.41193    -2.50197  0.00426478
        1297    -2.45132    -2.50194  0.00426167
        1298    -2.41678    -2.50187  0.00425889
        1299    -2.46686    -2.50184   0.0042557
        1300    -2.41515    -2.50178  0.00425295
        1301    -2.39375    -2.50169  0.00425049
        1302    -2.37536     -2.5016  0.00424833
        1303    -2.39546    -2.50152  0.00424585
        1304     -2.4197    -2.50145  0.00424306
        1305    -2.43513     -2.5014  0.00424011
        1306    -2.45057    -2.50136  0.00423705
        1307    -2.45115    -2.50132  0.00423398
        1308    -2.45946    -2.50129  0.00423086
        1309    -2.48654    -2.50128  0.00422765
        1310    -2.45081    -2.50124  0.00422459
        1311    -2.42694    -2.50119  0.00422175
        1312    -2.44729    -2.50114  0.00421873
        1313    -2.46412    -2.50112  0.00421562
        1314    -2.45933    -2.50108  0.00421253
        1315    -2.53643    -2.50111  0.00420941
        1316    -2.51032    -2.50112  0.00420622
        1317    -2.52158    -2.50113  0.00420305
        1318    -2.53676    -2.50116  0.00419995
        1319    -2.56361    -2.50121  0.00419703
        1320    -2.52197    -2.50122  0.00419388
        1321    -2.56943    -2.50128  0.00419102
        1322      -2.522    -2.50129  0.00418788
        1323    -2.49545    -2.50129  0.00418472
        1324    -2.48934    -2.50128  0.00418157
        1325    -2.51091    -2.50129  0.00417842
        1326    -2.48012    -2.50127   0.0041753
        1327    -2.52089    -2.50128  0.00417218
        1328    -2.47709    -2.50127  0.00416908
        1329    -2.46875    -2.50124  0.00416601
        1330    -2.45597    -2.50121  0.00416302
        1331    -2.42409    -2.50115  0.00416029
        1332    -2.42246    -2.50109  0.00415759
        1333    -2.36776    -2.50099  0.00415567
        1334    -2.44622    -2.50095  0.00415276
        1335    -2.41204    -2.50088  0.00415019
        1336    -2.36349    -2.50078  0.00414835
        1337    -2.38977     -2.5007  0.00414608
        1338    -2.37887    -2.50061  0.00414398
        1339    -2.31275    -2.50047  0.00414326
        1340    -2.30156    -2.50032  0.00414283
        1341    -2.32252    -2.50018  0.00414186
        1342    -2.35126    -2.50007  0.00414026
        1343     -2.3644    -2.49997  0.00413841
        1344    -2.41071    -2.49991  0.00413586
        1345    -2.38382    -2.49982  0.00413369
        1346    -2.35026    -2.49971  0.00413211
        1347     -2.4425    -2.49967  0.00412926
        1348     -2.4373    -2.49962  0.00412646
        1349    -2.48086    -2.49961  0.00412342
        1350     -2.4643    -2.49958  0.00412045
        1351    -2.42777    -2.49953  0.00411774
        1352    -2.47866    -2.49951  0.00411473
        1353    -2.41561    -2.49945  0.00411215
        1354    -2.46792    -2.49943  0.00410918
        1355    -2.54011    -2.49946  0.00410626
        1356    -2.48633    -2.49945  0.00410324
        1357    -2.52056    -2.49946  0.00410025
        1358    -2.49791    -2.49946  0.00409723
        1359    -2.50807    -2.49947  0.00409422
        1360    -2.45593    -2.49943  0.00409133
        1361    -2.47211    -2.49941  0.00408838
        1362    -2.48919    -2.49941  0.00408538
        1363    -2.43842    -2.49936  0.00408263
        1364    -2.40456    -2.49929  0.00408023
        1365    -2.40022    -2.49922  0.00407788
        1366     -2.3952    -2.49914  0.00407561
        1367    -2.40318    -2.49907  0.00407323
        1368    -2.43691    -2.49903  0.00407051
        1369    -2.46996    -2.49901  0.00406759
        1370    -2.48509      -2.499  0.00406463
        1371    -2.55756    -2.49904  0.00406189
        1372    -2.58776     -2.4991  0.00405945
        1373     -2.5535    -2.49914  0.00405668
        1374    -2.51178    -2.49915  0.00405374
        1375    -2.57053    -2.49921  0.00405113
        1376    -2.53155    -2.49923  0.00404825
        1377    -2.49577    -2.49923  0.00404531
        1378    -2.45354    -2.49919  0.00404251
        1379    -2.43803    -2.49915  0.00403982
        1380    -2.38676    -2.49907  0.00403772
        1381    -2.37409    -2.49898  0.00403581
        1382    -2.40087    -2.49891  0.00403351
        1383    -2.45669    -2.49888  0.00403071
        1384    -2.47252    -2.49886  0.00402784
        1385    -2.48421    -2.49885  0.00402495
        1386    -2.51684    -2.49886  0.00402207
        1387    -2.55211     -2.4989  0.00401935
        1388    -2.50475     -2.4989  0.00401646
        1389    -2.48146    -2.49889  0.00401358
        1390    -2.38206     -2.4988  0.00401158
        1391    -2.32047    -2.49868  0.00401074
        1392    -2.35736    -2.49858  0.00400914
        1393    -2.36182    -2.49848  0.00400747
        1394    -2.41725    -2.49842  0.00400502
        1395    -2.42163    -2.49836  0.00400252
        1396    -2.43298    -2.49832  0.00399993
        1397     -2.5137    -2.49833  0.00399708
        1398    -2.49746    -2.49833  0.00399422
        1399    -2.52207    -2.49834   0.0039914
        1400    -2.52595    -2.49836   0.0039886
        1401    -2.48223    -2.49835  0.00398577
        1402    -2.46362    -2.49833  0.00398301
        1403    -2.46716    -2.49831  0.00398023
        1404     -2.4701    -2.49829  0.00397744
        1405    -2.43674    -2.49824  0.00397485
        1406    -2.41331    -2.49818  0.00397249
        1407    -2.42654    -2.49813  0.00396999
        1408    -2.49973    -2.49813  0.00396717
        1409    -2.52787    -2.49815  0.00396441
        1410     -2.5134    -2.49816  0.00396161
        1411    -2.49857    -2.49816  0.00395881
        1412    -2.53228    -2.49819  0.00395608
        1413    -2.52384    -2.49821  0.00395332
        1414    -2.51176    -2.49822  0.00395053
        1415    -2.46763    -2.49819   0.0039478
        1416    -2.47358    -2.49818  0.00394505
        1417    -2.44534    -2.49814  0.00394244
        1418    -2.43115    -2.49809  0.00393995
        1419    -2.43295    -2.49805  0.00393744
        1420    -2.43417      -2.498  0.00393492
        1421    -2.42597    -2.49795  0.00393248
        1422    -2.47195    -2.49793  0.00392976
        1423    -2.48134    -2.49792  0.00392701
        1424    -2.47557     -2.4979  0.00392428
        1425    -2.57579    -2.49796  0.00392191
        1426    -2.52738    -2.49798  0.00391922
        1427    -2.56125    -2.49802  0.00391672
        1428    -2.54129    -2.49805  0.00391409
        1429    -2.45855    -2.49803  0.00391145
        1430    -2.43974    -2.49799  0.00390893
        1431    -2.43387    -2.49794  0.00390645
        1432    -2.43995     -2.4979  0.00390394
        1433    -2.43572    -2.49786  0.00390145
        1434    -2.44518    -2.49782  0.00389891
        1435    -2.48436    -2.49781   0.0038962
        1436    -2.49504    -2.49781  0.00389349
        1437    -2.54649    -2.49784  0.00389093
        1438    -2.59542    -2.49791  0.00388881
        1439    -2.55142    -2.49795  0.00388629
        1440    -2.62745    -2.49804  0.00388463
        1441    -2.56062    -2.49808  0.00388217
        1442    -2.53799    -2.49811  0.00387958
        1443    -2.52824    -2.49813  0.00387695
        1444    -2.51307    -2.49814  0.00387428
        1445    -2.46523    -2.49812  0.00387166
        1446    -2.51395    -2.49813    0.003869
        1447    -2.52482    -2.49815  0.00386637
        1448      -2.502    -2.49815   0.0038637
        1449    -2.56322    -2.49819   0.0038613
        1450    -2.53406    -2.49822  0.00385871
        1451    -2.53227    -2.49824  0.00385613
        1452    -2.51818    -2.49826  0.00385349
        1453    -2.51028    -2.49827  0.00385085
        1454     -2.4562    -2.49824  0.00384831
        1455    -2.43435    -2.49819  0.00384592
        1456    -2.43359    -2.49815  0.00384353
        1457    -2.41282    -2.49809  0.00384134
        1458    -2.38842    -2.49801  0.00383944
        1459    -2.42885    -2.49797   0.0038371
        1460    -2.40819    -2.49791  0.00383497
        1461    -2.36132    -2.49781  0.00383348
        1462    -2.40598    -2.49775  0.00383137
        1463    -2.37354    -2.49766   0.0038297
        1464     -2.4025     -2.4976  0.00382763
        1465    -2.36961    -2.49751  0.00382602
        1466    -2.34127    -2.49741  0.00382489
        1467    -2.36709    -2.49732  0.00382331
        1468    -2.44539    -2.49728  0.00382087
        1469     -2.5125    -2.49729  0.00381829
        1470     -2.4929    -2.49729  0.00381569
        1471    -2.57582    -2.49734  0.00381347
        1472    -2.57812     -2.4974  0.00381127
        1473    -2.61014    -2.49747  0.00380945
        1474    -2.58044    -2.49753  0.00380729
        1475     -2.5456    -2.49756  0.00380484
        1476    -2.54061    -2.49759  0.00380238
        1477    -2.48213    -2.49758  0.00379982
        1478    -2.53659    -2.49761  0.00379734
        1479    -2.53991    -2.49764  0.00379488
        1480    -2.48315    -2.49763  0.00379233
        1481    -2.51466    -2.49764  0.00378978
        1482     -2.4833    -2.49763  0.00378724
        1483    -2.46768    -2.49761  0.00378474
        1484    -2.49852    -2.49761  0.00378219
        1485    -2.51256    -2.49762  0.00377966
        1486    -2.37816    -2.49754  0.00377797
        1487    -2.45047    -2.49751  0.00377556
        1488    -2.48722     -2.4975  0.00377303
        1489    -2.42492    -2.49745  0.00377081
        1490    -2.48523    -2.49744  0.00376829
        1491    -2.46909    -2.49742  0.00376581
        1492    -2.45674     -2.4974  0.00376338
        1493    -2.50601     -2.4974  0.00376087
        1494    -2.51744    -2.49742  0.00375837
        1495    -2.53217    -2.49744  0.00375593
        1496    -2.54526    -2.49747  0.00375356
        1497    -2.49575    -2.49747  0.00375105
        1498    -2.46919    -2.49745  0.00374859
        1499    -2.47055    -2.49743  0.00374613
        1500    -2.49035    -2.49743  0.00374364
        1501    -2.48022    -2.49742  0.00374116
        1502    -2.47782     -2.4974   0.0037387
        1503    -2.50771    -2.49741  0.00373621
        1504    -2.51708    -2.49742  0.00373375
        1505    -2.50675    -2.49743  0.00373128
        1506    -2.55048    -2.49746  0.00372897
        1507    -2.51132    -2.49747   0.0037265
        1508    -2.58117    -2.49753  0.00372444
        1509    -2.51641    -2.49754    0.003722
        1510     -2.5221    -2.49756  0.00371957
        1511    -2.54876    -2.49759  0.00371726
        1512    -2.57195    -2.49764  0.00371513
        1513    -2.53964    -2.49767  0.00371278
        1514     -2.5726    -2.49772  0.00371065
        1515    -2.52025    -2.49773  0.00370823
        1516    -2.55235    -2.49777  0.00370596
        1517    -2.58201    -2.49782  0.00370394
        1518    -2.49338    -2.49782   0.0037015
        1519     -2.5241    -2.49784   0.0036991
        1520    -2.57059    -2.49789  0.00369698
        1521     -2.5117     -2.4979  0.00369456
        1522    -2.50618     -2.4979  0.00369213
        1523    -2.50349    -2.49791  0.00368971
        1524    -2.50896    -2.49791   0.0036873
        1525      -2.533    -2.49794  0.00368495
        1526    -2.48228    -2.49793  0.00368255
        1527    -2.45087    -2.49789  0.00368027
        1528    -2.55695    -2.49793  0.00367806
        1529    -2.59247    -2.49799  0.00367618
        1530     -2.5174    -2.49801   0.0036738
        1531    -2.58357    -2.49806  0.00367182
        1532    -2.50801    -2.49807  0.00366943
        1533    -2.54926     -2.4981  0.00366719
        1534    -2.55534    -2.49814  0.00366499
        1535    -2.48364    -2.49813  0.00366261
        1536    -2.52383    -2.49815  0.00366027
        1537    -2.49705    -2.49815  0.00365788
        1538    -2.45988    -2.49812  0.00365559
        1539    -2.47675    -2.49811  0.00365324
        1540    -2.44914    -2.49808  0.00365101
        1541     -2.5031    -2.49808  0.00364864
        1542    -2.45549    -2.49805  0.00364638
        1543    -2.49504    -2.49805  0.00364402
        1544    -2.45373    -2.49802  0.00364177
        1545    -2.48755    -2.49801  0.00363942
        1546     -2.4857    -2.49801  0.00363707
        1547    -2.48095      -2.498  0.00363474
        1548    -2.44847    -2.49796  0.00363253
        1549    -2.47369    -2.49795  0.00363022
        1550    -2.47826    -2.49794   0.0036279
        1551    -2.47562    -2.49792  0.00362559
        1552    -2.45943     -2.4979  0.00362334
        1553    -2.49341    -2.49789  0.00362101
        1554    -2.45306    -2.49786  0.00361879
        1555    -2.43601    -2.49782  0.00361668
        1556    -2.45229     -2.4978  0.00361448
        1557    -2.46662    -2.49778  0.00361221
        1558    -2.48678    -2.49777   0.0036099
        1559    -2.43983    -2.49773  0.00360777
        1560    -2.45743    -2.49771  0.00360555
        1561    -2.45658    -2.49768  0.00360334
        1562    -2.45939    -2.49765  0.00360112
        1563    -2.50454    -2.49766  0.00359882
        1564    -2.53162    -2.49768  0.00359658
        1565    -2.49631    -2.49768  0.00359428
        1566    -2.54875    -2.49771  0.00359214
        1567    -2.46892    -2.49769  0.00358989
        1568    -2.53353    -2.49772  0.00358767
        1569    -2.52819    -2.49774  0.00358544
        1570    -2.48885    -2.49773  0.00358316
        1571    -2.49422    -2.49773  0.00358088
        1572     -2.5126    -2.49774  0.00357861
        1573     -2.5003    -2.49774  0.00357634
        1574    -2.47667    -2.49773  0.00357409
        1575    -2.48327    -2.49772  0.00357184
        1576     -2.4944    -2.49771  0.00356957
        1577    -2.51307    -2.49772  0.00356732
        1578    -2.46539     -2.4977  0.00356512
        1579    -2.49442     -2.4977  0.00356286
        1580    -2.52177    -2.49772  0.00356064
        1581    -2.48664    -2.49771  0.00355839
        1582    -2.46322    -2.49769  0.00355621
        1583    -2.44011    -2.49765  0.00355415
        1584    -2.38657    -2.49758   0.0035526
        1585    -2.39802    -2.49752  0.00355091
        1586    -2.38002    -2.49744  0.00354945
        1587    -2.42663     -2.4974  0.00354749
        1588    -2.40242    -2.49734  0.00354576
        1589    -2.42215    -2.49729  0.00354384
        1590    -2.48633    -2.49729  0.00354162
        1591    -2.52755    -2.49731  0.00353945
        1592     -2.5442    -2.49733  0.00353735
        1593     -2.5755    -2.49738  0.00353547
        1594    -2.59652    -2.49745  0.00353379
        1595    -2.56901    -2.49749  0.00353186
        1596    -2.57664    -2.49754     0.00353
        1597     -2.5149    -2.49755  0.00352781
        1598    -2.49669    -2.49755   0.0035256
        1599    -2.46589    -2.49753  0.00352345
        1600    -2.44595     -2.4975  0.00352139
        1601    -2.47933    -2.49749  0.00351921
        1602    -2.47859    -2.49748  0.00351704
        1603    -2.48815    -2.49747  0.00351485
        1604    -2.49847    -2.49747  0.00351266
        1605    -2.46677    -2.49745  0.00351052
        1606     -2.4496    -2.49742  0.00350846
        1607    -2.36806    -2.49734   0.0035072
        1608    -2.39624    -2.49728  0.00350558
        1609    -2.41208    -2.49723   0.0035038
        1610    -2.36468    -2.49714  0.00350259
        1611    -2.37123    -2.49706  0.00350129
        1612    -2.37117    -2.49699  0.00349999
        1613    -2.38977    -2.49692  0.00349845
        1614    -2.39537    -2.49686  0.00349685
        1615    -2.43631    -2.49682  0.00349489
        1616    -2.39527    -2.49676  0.00349329
        1617    -2.45268    -2.49673  0.00349123
        1618    -2.38851    -2.49666  0.00348972
        1619    -2.38619    -2.49659  0.00348823
        1620    -2.42559    -2.49655  0.00348635
        1621    -2.44726    -2.49652  0.00348433
        1622    -2.43783    -2.49648  0.00348237
        1623    -2.42258    -2.49644  0.00348052
        1624    -2.40397    -2.49638  0.00347885
        1625    -2.47737    -2.49637  0.00347673
        1626    -2.50766    -2.49638  0.00347459
        1627    -2.46675    -2.49636  0.00347251
        1628    -2.46951    -2.49634  0.00347041
        1629    -2.49083    -2.49634  0.00346828
        1630    -2.58901     -2.4964  0.00346662
        1631    -2.57566    -2.49644  0.00346484
        1632    -2.58684     -2.4965  0.00346316
        1633     -2.5696    -2.49654  0.00346133
        1634     -2.5071    -2.49655  0.00345921
        1635    -2.54177    -2.49658  0.00345721
        1636    -2.51691    -2.49659  0.00345512
        1637    -2.52539    -2.49661  0.00345305
        1638    -2.59336    -2.49667  0.00345145
        1639    -2.56097    -2.49671  0.00344957
        1640    -2.63747    -2.49679  0.00344853
        1641     -2.5834    -2.49685  0.00344683
        1642    -2.55819    -2.49688  0.00344494
        1643    -2.57453    -2.49693  0.00344316
        1644    -2.55144    -2.49696  0.00344123
        1645    -2.49768    -2.49696  0.00343914
        1646    -2.46461    -2.49694   0.0034371
        1647    -2.42093     -2.4969  0.00343533
        1648    -2.40248    -2.49684  0.00343372
        1649    -2.42922     -2.4968  0.00343188
        1650    -2.48043    -2.49679  0.00342982
        1651    -2.48345    -2.49678  0.00342775
        1652    -2.52842     -2.4968  0.00342573
        1653    -2.55728    -2.49684  0.00342385
        1654    -2.58573    -2.49689   0.0034222
        1655    -2.56528    -2.49693  0.00342038
        1656    -2.54389    -2.49696  0.00341844
        1657    -2.54447    -2.49699  0.00341649
        1658    -2.54405    -2.49702  0.00341455
        1659    -2.55551    -2.49705  0.00341267
        1660    -2.53595    -2.49708   0.0034107
        1661    -2.59385    -2.49713  0.00340914
        1662     -2.5285    -2.49715  0.00340714
        1663    -2.50313    -2.49716   0.0034051
        1664    -2.50406    -2.49716  0.00340305
        1665    -2.45469    -2.49714   0.0034011
        1666    -2.47307    -2.49712  0.00339909
        1667    -2.45837     -2.4971  0.00339713
        1668     -2.4558    -2.49707  0.00339519
        1669    -2.44452    -2.49704   0.0033933
        1670    -2.42081      -2.497  0.00339157
        1671     -2.4597    -2.49697  0.00338962
        1672    -2.45481    -2.49695  0.00338768
        1673    -2.36297    -2.49687  0.00338661
        1674    -2.33731    -2.49677  0.00338592
        1675     -2.3639    -2.49669  0.00338483
        1676    -2.29332    -2.49657  0.00338499
        1677    -2.30807    -2.49646  0.00338483
        1678    -2.26033    -2.49632  0.00338574
        1679    -2.32228    -2.49622  0.00338531
        1680    -2.38874    -2.49615   0.0033839
        1681    -2.40417     -2.4961  0.00338233
        1682    -2.40152    -2.49604  0.00338079
        1683    -2.44425    -2.49601  0.00337892
        1684    -2.49323    -2.49601  0.00337691
        1685     -2.4981    -2.49601  0.00337491
        1686    -2.55125    -2.49604  0.00337306
        1687    -2.53047    -2.49606  0.00337113
        1688    -2.56158     -2.4961  0.00336935
        1689    -2.52211    -2.49612  0.00336739
        1690    -2.49883    -2.49612   0.0033654
        1691    -2.49258    -2.49612  0.00336341
        1692    -2.45775    -2.49609   0.0033615
        1693    -2.41453    -2.49605  0.00335986
        1694    -2.36154    -2.49597  0.00335881
        1695    -2.37249    -2.49589  0.00335762
        1696    -2.38237    -2.49583  0.00335631
        1697    -2.38247    -2.49576    0.003355
        1698    -2.37437    -2.49569  0.00335378
        1699    -2.41794    -2.49564  0.00335212
        1700     -2.3762    -2.49557  0.00335089
        1701    -2.38675    -2.49551  0.00334953
        1702    -2.34171    -2.49542  0.00334878
        1703    -2.37518    -2.49535  0.00334755
        1704     -2.3917    -2.49529  0.00334614
        1705    -2.39223    -2.49523  0.00334473
        1706      -2.312    -2.49512  0.00334449
        1707    -2.33434    -2.49502  0.00334386
        1708    -2.31691    -2.49492  0.00334352
        1709    -2.29697     -2.4948  0.00334357
        1710    -2.34032    -2.49471  0.00334284
        1711    -2.34383    -2.49463  0.00334205
        1712    -2.38316    -2.49456  0.00334073
        1713     -2.3806    -2.49449  0.00333944
        1714     -2.3514    -2.49441  0.00333854
        1715    -2.40699    -2.49436  0.00333698
        1716    -2.42193    -2.49432   0.0033353
        1717    -2.41082    -2.49427  0.00333371
        1718    -2.39167    -2.49421  0.00333231
        1719    -2.39372    -2.49415  0.00333088
        1720    -2.42412    -2.49411  0.00332919
        1721    -2.42498    -2.49407   0.0033275
        1722     -2.3951    -2.49401  0.00332607
        1723    -2.40411    -2.49396  0.00332455
        1724    -2.43654    -2.49393  0.00332278
        1725     -2.4633    -2.49391   0.0033209
        1726    -2.47795     -2.4939  0.00331899
        1727    -2.46518    -2.49388  0.00331711
        1728    -2.48051    -2.49388   0.0033152
        1729    -2.46582    -2.49386  0.00331333
        1730    -2.48731    -2.49386  0.00331141
        1731    -2.44326    -2.49383  0.00330963
        1732    -2.41281    -2.49378  0.00330805
        1733    -2.45171    -2.49376  0.00330623
        1734    -2.38104    -2.49369  0.00330496
        1735    -2.39531    -2.49363  0.00330354
        1736    -2.38565    -2.49357  0.00330222
        1737    -2.39746    -2.49352  0.00330079
        1738    -2.38624    -2.49345  0.00329946
        1739    -2.45888    -2.49343  0.00329763
        1740    -2.52457    -2.49345  0.00329578
        1741    -2.56222    -2.49349  0.00329412
        1742    -2.61292    -2.49356  0.00329295
        1743    -2.58303    -2.49361  0.00329146
        1744     -2.5813    -2.49366  0.00328995
        1745    -2.56794     -2.4937  0.00328834
        1746    -2.53803    -2.49373  0.00328656
        1747    -2.42959    -2.49369  0.00328488
        1748    -2.45376    -2.49367  0.00328308
        1749    -2.42216    -2.49363  0.00328146
        1750     -2.4616    -2.49361  0.00327964
        1751    -2.46519    -2.49359   0.0032778
        1752    -2.47361    -2.49358  0.00327595
        1753    -2.46994    -2.49357  0.00327411
        1754    -2.49073    -2.49357  0.00327225
        1755    -2.48821    -2.49357  0.00327038
        1756    -2.49247    -2.49356  0.00326852
        1757    -2.47781    -2.49356  0.00326667
        1758    -2.46371    -2.49354  0.00326486
        1759    -2.49882    -2.49354    0.003263
        1760    -2.42517     -2.4935  0.00326138
        1761    -2.43573    -2.49347  0.00325969
        1762    -2.43103    -2.49343  0.00325804
        1763    -2.40352    -2.49338  0.00325659
        1764    -2.37717    -2.49332  0.00325541
        1765    -2.38235    -2.49325  0.00325417
        1766    -2.32785    -2.49316  0.00325367
        1767    -2.36639    -2.49309  0.00325262
        1768    -2.46913    -2.49308  0.00325081
        1769    -2.45435    -2.49305  0.00324905
        1770    -2.49578    -2.49306  0.00324721
        1771    -2.48063    -2.49305  0.00324539
        1772    -2.48291    -2.49304  0.00324356
        1773    -2.45654    -2.49302   0.0032418
        1774    -2.50416    -2.49303  0.00323998
        1775    -2.53819    -2.49305  0.00323825
        1776    -2.57134     -2.4931  0.00323673
        1777    -2.52903    -2.49312  0.00323497
        1778    -2.53686    -2.49314  0.00323324
        1779    -2.47735    -2.49313  0.00323144
        1780    -2.49369    -2.49313  0.00322962
        1781    -2.49777    -2.49314  0.00322781
        1782    -2.47108    -2.49312  0.00322602
        1783    -2.46142    -2.49311  0.00322426
        1784    -2.49629    -2.49311  0.00322245
        1785    -2.52664    -2.49313   0.0032207
        1786    -2.51587    -2.49314  0.00321893
        1787    -2.48911    -2.49314  0.00321713
        1788    -2.49297    -2.49314  0.00321533
        1789    -2.49947    -2.49314  0.00321353
        1790    -2.49783    -2.49314  0.00321174
        1791    -2.51383    -2.49316  0.00320996
        1792     -2.4906    -2.49315  0.00320817
        1793    -2.53439    -2.49318  0.00320647
        1794     -2.5094    -2.49319  0.00320469
        1795    -2.58042    -2.49323  0.00320328
        1796    -2.59378    -2.49329  0.00320198
        1797    -2.55253    -2.49332  0.00320037
        1798    -2.54168    -2.49335   0.0031987
        1799    -2.55681    -2.49339  0.00319712
        1800    -2.51414     -2.4934  0.00319536
        1801     -2.5188    -2.49341  0.00319362
        1802    -2.48758    -2.49341  0.00319185
        1803    -2.45089    -2.49338  0.00319017
        1804    -2.41881    -2.49334  0.00318867
        1805    -2.39904    -2.49329  0.00318733
        1806    -2.37498    -2.49323  0.00318623
        1807     -2.3967    -2.49317  0.00318492
        1808    -2.38504    -2.49311  0.00318372
        1809    -2.33113    -2.49302  0.00318322
        1810    -2.28221    -2.49291  0.00318359
        1811    -2.32918    -2.49282  0.00318312
        1812    -2.31114    -2.49272  0.00318294
        1813    -2.34992    -2.49264  0.00318216
        1814     -2.3305    -2.49255  0.00318166
        1815    -2.34621    -2.49247  0.00318093
        1816     -2.3452    -2.49239  0.00318021
        1817    -2.37632    -2.49232   0.0031791
        1818    -2.40735    -2.49228  0.00317769
        1819     -2.4067    -2.49223  0.00317629
        1820    -2.40412    -2.49218  0.00317492
        1821    -2.42441    -2.49214  0.00317339
        1822    -2.46086    -2.49213   0.0031717
        1823    -2.42991    -2.49209  0.00317014
        1824    -2.37323    -2.49203  0.00316907
        1825    -2.40917    -2.49198  0.00316766
        1826    -2.38789    -2.49192  0.00316644
        1827    -2.40091    -2.49187   0.0031651
        1828    -2.41139    -2.49183  0.00316367
        1829     -2.4566    -2.49181    0.003162
        1830    -2.46127    -2.49179  0.00316032
        1831    -2.45087    -2.49177  0.00315867
        1832    -2.41602    -2.49173  0.00315722
        1833    -2.41173    -2.49169   0.0031558
        1834    -2.42345    -2.49165   0.0031543
        1835    -2.41268    -2.49161  0.00315287
        1836    -2.38323    -2.49155  0.00315171
        1837    -2.45147    -2.49153  0.00315007
        1838    -2.48717    -2.49152  0.00314835
        1839    -2.45666     -2.4915   0.0031467
        1840    -2.48116     -2.4915  0.00314499
        1841    -2.54128    -2.49153   0.0031434
        1842    -2.50056    -2.49153   0.0031417
        1843    -2.41018    -2.49149   0.0031403
        1844    -2.44439    -2.49146   0.0031387
        1845     -2.4388    -2.49143  0.00313713
        1846     -2.4561    -2.49141  0.00313549
        1847    -2.40195    -2.49136  0.00313417
        1848    -2.41043    -2.49132  0.00313278
        1849     -2.4515     -2.4913  0.00313116
        1850    -2.51476    -2.49131  0.00312949
        1851    -2.47546     -2.4913  0.00312781
        1852    -2.56672    -2.49134  0.00312639
        1853    -2.50804    -2.49135  0.00312471
        1854    -2.60059    -2.49141  0.00312358
        1855     -2.5568    -2.49145   0.0031221
        1856    -2.54612    -2.49148  0.00312056
        1857    -2.54325     -2.4915    0.003119
        1858     -2.4924    -2.49151  0.00311732
        1859    -2.47197    -2.49149  0.00311566
        1860    -2.47386    -2.49149    0.003114
        1861    -2.40777    -2.49144  0.00311265
        1862    -2.42744    -2.49141  0.00311117
        1863     -2.4714     -2.4914  0.00310952
        1864    -2.53736    -2.49142  0.00310795
        1865    -2.51761    -2.49143  0.00310631
        1866    -2.48782    -2.49143  0.00310465
        1867    -2.46087    -2.49142  0.00310303
        1868    -2.40871    -2.49137  0.00310169
        1869     -2.3859    -2.49131  0.00310054
        1870    -2.37966    -2.49126  0.00309946
        1871    -2.41666    -2.49122  0.00309806
        1872    -2.43646    -2.49119  0.00309654
        1873    -2.43483    -2.49116  0.00309503
        1874    -2.46158    -2.49114  0.00309342
        1875    -2.45097    -2.49112  0.00309184
        1876    -2.47059    -2.49111  0.00309022
        1877    -2.47036     -2.4911  0.00308859
        1878    -2.45941    -2.49108  0.00308699
        1879    -2.45289    -2.49106  0.00308541
        1880    -2.37629      -2.491  0.00308438
        1881    -2.36446    -2.49093  0.00308347
        1882    -2.39444    -2.49088  0.00308226
        1883    -2.41048    -2.49084  0.00308092
        1884    -2.39568    -2.49079   0.0030797
        1885    -2.45227    -2.49077  0.00307813
        1886    -2.50291    -2.49077  0.00307651
        1887    -2.54815     -2.4908  0.00307503
        1888    -2.57072    -2.49085  0.00307369
        1889    -2.54448    -2.49087  0.00307219
        1890    -2.58802    -2.49093    0.003071
        1891    -2.66571    -2.49102  0.00307076
        1892    -2.60861    -2.49108  0.00306977
        1893    -2.56299    -2.49112  0.00306838
        1894     -2.5414    -2.49114  0.00306688
        1895    -2.53066    -2.49117  0.00306533
        1896    -2.52107    -2.49118  0.00306375
        1897     -2.5375    -2.49121  0.00306224
        1898    -2.47677     -2.4912  0.00306063
        1899    -2.42735    -2.49116   0.0030592
        1900    -2.46364    -2.49115  0.00305763
        1901    -2.46435    -2.49114  0.00305605
        1902    -2.51372    -2.49115  0.00305447
        1903    -2.51024    -2.49116  0.00305288
        1904    -2.52588    -2.49118  0.00305133
        1905     -2.4666    -2.49116  0.00304976
        1906    -2.48993    -2.49116  0.00304816
        1907    -2.49827    -2.49117  0.00304656
        1908    -2.48193    -2.49116  0.00304497
        1909    -2.45632    -2.49114  0.00304343
        1910    -2.44891    -2.49112  0.00304191
        1911     -2.5227    -2.49114  0.00304037
        1912    -2.54579    -2.49117  0.00303891
        1913     -2.5581     -2.4912  0.00303752
        1914    -2.57954    -2.49125  0.00303629
        1915    -2.61993    -2.49131  0.00303545
        1916    -2.57057    -2.49136  0.00303414
        1917    -2.54423    -2.49138  0.00303269
        1918    -2.51057    -2.49139  0.00303112
        1919    -2.51583    -2.49141  0.00302957
        1920    -2.47825     -2.4914    0.003028
        1921    -2.43653    -2.49137  0.00302656
        1922    -2.43975    -2.49134   0.0030251
        1923     -2.4415    -2.49132  0.00302364
        1924    -2.49407    -2.49132  0.00302207
        1925    -2.40889    -2.49128   0.0030208
        1926    -2.53677     -2.4913  0.00301933
        1927     -2.5203    -2.49131   0.0030178
        1928    -2.54913    -2.49134  0.00301638
        1929    -2.54833    -2.49137  0.00301496
        1930    -2.57504    -2.49142  0.00301371
        1931    -2.55611    -2.49145  0.00301234
        1932    -2.54264    -2.49148  0.00301089
        1933    -2.57085    -2.49152  0.00300962
        1934    -2.62632    -2.49159  0.00300887
        1935    -2.56291    -2.49163  0.00300754
        1936    -2.53123    -2.49165  0.00300605
        1937    -2.53922    -2.49167   0.0030046
        1938     -2.5132    -2.49168  0.00300307
        1939    -2.50205    -2.49169  0.00300153
        1940    -2.47277    -2.49168       0.003
        1941    -2.42094    -2.49164  0.00299867
        1942    -2.46768    -2.49163  0.00299715
        1943    -2.52174    -2.49164  0.00299565
        1944    -2.53331    -2.49167  0.00299419
        1945    -2.47247    -2.49166  0.00299266
        1946    -2.56083    -2.49169  0.00299134
        1947    -2.53581    -2.49171  0.00298989
        1948    -2.49844    -2.49172  0.00298835
        1949    -2.52167    -2.49173  0.00298686
        1950    -2.51738    -2.49175  0.00298536
        1951    -2.50472    -2.49175  0.00298383
        1952    -2.48868    -2.49175  0.00298231
        1953    -2.49324    -2.49175  0.00298078
        1954    -2.52137    -2.49177  0.00297929
        1955    -2.47853    -2.49176  0.00297778
        1956    -2.45846    -2.49174   0.0029763
        1957    -2.54002    -2.49177  0.00297488
        1958    -2.55604     -2.4918  0.00297355
        1959    -2.55369    -2.49183   0.0029722
        1960    -2.58819    -2.49188  0.00297109
        1961    -2.61229    -2.49194  0.00297021
        1962     -2.5209    -2.49196  0.00296873
        1963    -2.53201    -2.49198  0.00296729
        1964    -2.48697    -2.49198  0.00296578
        1965    -2.42907    -2.49194  0.00296444
        1966    -2.46196    -2.49193  0.00296297
        1967    -2.44607     -2.4919  0.00296156
        1968    -2.46662    -2.49189  0.00296008
        1969    -2.50414     -2.4919  0.00295858
        1970    -2.53188    -2.49192  0.00295715
        1971    -2.58451    -2.49197  0.00295602
        1972     -2.5988    -2.49202  0.00295502
        1973    -2.56492    -2.49206  0.00295375
        1974    -2.58906    -2.49211  0.00295267
        1975    -2.63141    -2.49218  0.00295201
        1976    -2.57113    -2.49222  0.00295079
        1977    -2.50828    -2.49222  0.00294931
        1978    -2.52589    -2.49224  0.00294787
        1979    -2.55874    -2.49227  0.00294657
        1980    -2.55963    -2.49231  0.00294528
        1981    -2.49421    -2.49231  0.00294379
        1982    -2.52193    -2.49232  0.00294234
        1983    -2.49332    -2.49233  0.00294086
        1984    -2.49976    -2.49233  0.00293938
        1985    -2.51586    -2.49234  0.00293792
        1986    -2.50152    -2.49235  0.00293645
        1987    -2.51207    -2.49236  0.00293499
        1988    -2.48063    -2.49235  0.00293351
        1989    -2.52071    -2.49236  0.00293207
        1990    -2.47801    -2.49236  0.00293061
        1991    -2.50294    -2.49236  0.00292914
        1992    -2.46066    -2.49235  0.00292772
        1993    -2.49157    -2.49235  0.00292625
        1994    -2.47294    -2.49234   0.0029248
        1995    -2.47978    -2.49233  0.00292334
        1996    -2.46466    -2.49232   0.0029219
        1997    -2.55384    -2.49235   0.0029206
        1998    -2.55939    -2.49238  0.00291933
        1999    -2.55157    -2.49241  0.00291802
        2000    -2.57933    -2.49245  0.00291689
