#BLOCK:   ACTUAL_T:     T_AVE:       ERROR:
           1        0.02        0.02           0
           2  0.00904155   0.0145208   0.0038744
           3   0.0674571   0.0321662   0.0146371
           4    0.209566   0.0765163   0.0399463
           5     0.49901    0.161015   0.0820567
           6    0.752903    0.259663    0.113073
           7     1.12177    0.382821    0.149648
           8     1.23027    0.488753    0.164209
           9     1.47848    0.598722    0.179039
          10      1.6543     0.70428    0.189718
          11     1.34141    0.762201    0.181096
          12     1.73828    0.843541    0.183364
          13     1.47901    0.892423    0.175654
          14     1.38602     0.92768    0.166608
          15     1.00723    0.932984    0.155585
          16    0.866718    0.928842    0.145917
          17    0.661584    0.913121    0.138177
          18    0.468389    0.888414    0.132692
          19    0.408652    0.863163    0.128088
          20    0.422152    0.841113    0.123567
          21    0.500714    0.824903    0.118741
          22    0.450974    0.807906    0.114554
          23     0.49818     0.79444    0.110362
          24    0.557739    0.784577    0.106203
          25    0.427979    0.770313    0.102909
          26    0.402522    0.756168    0.099918
          27    0.339691    0.740743   0.0974007
          28    0.348891    0.726748   0.0949222
          29    0.469946    0.717893   0.0920611
          30    0.599058    0.713931   0.0890776
          31    0.830071    0.717678   0.0862829
          32    0.901298    0.723416   0.0837771
          33    0.851312    0.727292    0.081328
          34    0.813661    0.729832   0.0789757
          35    0.766209    0.730871   0.0767261
          36    0.630196    0.728075   0.0746457
          37    0.601474    0.724653   0.0727067
          38     0.51329    0.719091   0.0710058
          39    0.580733    0.715543   0.0692737
          40     0.55526    0.711536   0.0676576
          41    0.573318    0.708165   0.0660914
          42    0.656932    0.706945    0.064529
          43    0.697284    0.706721   0.0630287
          44    0.728162    0.707208   0.0615982
          45    0.772351    0.708655   0.0602463
          46     0.78879    0.710398   0.0589618
          47    0.810385    0.712525   0.0577457
          48    0.797862    0.714303     0.05657
          49    0.761026    0.715256   0.0554235
          50    0.755806    0.716067    0.054321
          51    0.819108    0.718088   0.0532934
          52    0.796416    0.719594   0.0522898
          53    0.725477    0.719705   0.0513034
          54    0.711533    0.719554   0.0503535
          55     0.80124    0.721039   0.0494599
          56    0.693469    0.720547   0.0485791
          57    0.742882    0.720938   0.0477285
          58    0.726471    0.721034   0.0469056
          59     0.70773    0.720808   0.0461112
          60    0.781122    0.721813   0.0453536
          61     0.71887    0.721765   0.0446101
          62    0.883922    0.724381   0.0439672
          63    0.914043    0.727391   0.0433723
          64    0.814517    0.728753   0.0427159
          65    0.951301    0.732176   0.0421958
          66    0.943459    0.735378   0.0416777
          67     0.92593    0.738222   0.0411526
          68    0.948239     0.74131   0.0406631
          69    0.907852    0.743724   0.0401454
          70    0.941367    0.746547    0.039671
          71    0.907173     0.74881   0.0391767
          72    0.861429    0.750374   0.0386638
          73      0.8852    0.752221   0.0381783
          74    0.885711    0.754025   0.0377049
          75    0.881045    0.755718   0.0372402
          76    0.834497    0.756755   0.0367646
          77    0.898914    0.758601   0.0363335
          78    0.872966    0.760067   0.0358973
          79    0.900855    0.761849   0.0354871
          80    0.831652    0.762722   0.0350542
          81    0.892399    0.764323    0.034658
          82    0.916981    0.766185   0.0342853
          83    0.847681    0.767166   0.0338863
          84    0.873779    0.768436   0.0335066
          85    0.891583    0.769884   0.0331437
          86    0.805844    0.770303    0.032761
          87     0.73712    0.769921   0.0323866
          88    0.694341    0.769062     0.03203
          89    0.657122    0.767805   0.0316948
          90    0.650639    0.766503   0.0313694
          91    0.670045    0.765443   0.0310425
          92    0.632123    0.763994   0.0307389
          93    0.651325    0.762782   0.0304323
          94    0.770022    0.762859   0.0301086
          95    0.800349    0.763254   0.0297943
          96    0.775326    0.763379   0.0294842
          97    0.766814    0.763415   0.0291802
          98    0.825983    0.764053   0.0288895
          99    0.816899    0.764587   0.0286026
         100    0.837495    0.765316   0.0283258
         101    0.785576    0.765517   0.0280461
         102    0.760308    0.765466   0.0277712
         103    0.738446    0.765203   0.0275028
         104    0.732032    0.764884   0.0272402
         105    0.697115    0.764239   0.0269884
         106    0.696177    0.763597   0.0267414
         107    0.694519    0.762951   0.0264993
         108     0.71631    0.762519   0.0262575
         109    0.715534    0.762088   0.0260201
         110    0.725012    0.761751   0.0257857
         111    0.759449    0.761731   0.0255535
         112    0.742155    0.761556   0.0253259
         113    0.710115    0.761101   0.0251059
         114    0.763911    0.761125   0.0248856
         115    0.765005    0.761159   0.0246693
         116    0.774246    0.761272   0.0244569
         117    0.769059    0.761338   0.0242479
         118    0.785152     0.76154   0.0240433
         119    0.746938    0.761417   0.0238415
         120    0.779282    0.761566   0.0236433
         121    0.728102     0.76129   0.0234495
         122    0.722703    0.760974   0.0232595
         123    0.711357     0.76057   0.0230739
         124    0.723679    0.760273   0.0228897
         125    0.758247    0.760256   0.0227066
         126    0.762164    0.760272   0.0225264
         127    0.791501    0.760517   0.0223504
         128    0.776046    0.760639   0.0221761
         129    0.780799    0.760795   0.0220047
         130    0.792871    0.761042   0.0218368
         131    0.780259    0.761188   0.0216706
         132    0.808932     0.76155   0.0215095
         133    0.804636    0.761874   0.0213502
         134    0.811301    0.762243    0.021194
         135    0.809711    0.762595     0.02104
         136    0.780141    0.762724   0.0208857
         137    0.787688    0.762906    0.020734
         138     0.76947    0.762953   0.0205838
         139    0.745669    0.762829   0.0204361
         140    0.756928    0.762787   0.0202902
         141    0.729276    0.762549   0.0201477
         142    0.714793    0.762213   0.0200086
         143    0.707227    0.761828   0.0198724
         144    0.731234    0.761616   0.0197355
         145    0.742577    0.761485   0.0195998
         146    0.777848    0.761597   0.0194659
         147    0.762199    0.761601   0.0193335
         148    0.759195    0.761585   0.0192029
         149    0.769588    0.761638   0.0190741
         150    0.773057    0.761714    0.018947
         151    0.764839    0.761735   0.0188216
         152    0.735025    0.761559   0.0186986
         153    0.742912    0.761437   0.0185768
         154    0.735069    0.761266   0.0184569
         155     0.72566    0.761037   0.0183393
         156    0.713901    0.760734   0.0182242
         157    0.768816    0.760786   0.0181082
         158    0.768924    0.760837   0.0179937
         159    0.760163    0.760833   0.0178805
         160    0.781245    0.760961   0.0177692
         161    0.745998    0.760868   0.0176591
         162    0.749516    0.760798   0.0175502
         163    0.736872    0.760651   0.0174431
         164    0.704407    0.760308   0.0173402
         165    0.705187    0.759974   0.0172383
         166    0.697699    0.759599   0.0171385
         167    0.708652    0.759294   0.0170386
         168     0.73921    0.759174   0.0169376
         169    0.755614    0.759153   0.0168374
         170    0.741948    0.759052   0.0167387
         171    0.766684    0.759097   0.0166408
         172    0.767427    0.759145   0.0165442
         173    0.746828    0.759074   0.0164487
         174    0.710424    0.758794   0.0163565
         175    0.720341    0.758574   0.0162645
         176    0.697884     0.75823   0.0161758
         177    0.711105    0.757963   0.0160866
         178    0.723851    0.757772   0.0159973
         179    0.716891    0.757543   0.0159096
         180    0.724305    0.757359   0.0158223
         181    0.759436     0.75737   0.0157349
         182    0.747525    0.757316   0.0156485
         183    0.779719    0.757438   0.0155635
         184    0.775199    0.757535   0.0154792
         185    0.783958    0.757678   0.0153962
         186    0.780735    0.757802   0.0153139
         187    0.756251    0.757793    0.015232
         188    0.742722    0.757713   0.0151512
         189    0.714971    0.757487   0.0150727
         190    0.691017    0.757137   0.0149975
         191    0.688642    0.756779   0.0149232
         192    0.719495    0.756585   0.0148468
         193    0.696211    0.756272   0.0147731
         194    0.715755    0.756063   0.0146985
         195    0.742938    0.755996   0.0146232
         196    0.760415    0.756018   0.0145486
         197    0.773784    0.756108   0.0144751
         198    0.804527    0.756353    0.014404
         199    0.772534    0.756434   0.0143319
         200    0.802215    0.756663    0.014262
         201    0.763426    0.756697   0.0141911
         202    0.744433    0.756636    0.014121
         203    0.743624    0.756572   0.0140516
         204    0.737149    0.756477    0.013983
         205    0.730077    0.756348   0.0139154
         206    0.726359    0.756202   0.0138486
         207     0.73269    0.756089   0.0137822
         208    0.725937    0.755944   0.0137167
         209    0.698694     0.75567   0.0136538
         210    0.715043    0.755476   0.0135901
         211    0.703752    0.755231    0.013528
         212    0.726849    0.755097   0.0134648
         213     0.75845    0.755113   0.0134016
         214    0.749944    0.755089    0.013339
         215    0.766575    0.755142   0.0132771
         216    0.754344    0.755139   0.0132156
         217    0.737151    0.755056    0.013155
         218    0.743609    0.755003   0.0130947
         219    0.706791    0.754783   0.0130368
         220    0.713961    0.754598   0.0129788
         221    0.657358    0.754158   0.0129276
         222    0.683827    0.753841   0.0128732
         223    0.686562    0.753539    0.012819
         224    0.727118    0.753421   0.0127623
         225    0.719328     0.75327   0.0127065
         226    0.762307     0.75331   0.0126503
         227    0.769174    0.753379   0.0125948
         228    0.770649    0.753455   0.0125398
         229    0.794138    0.753633   0.0124863
         230    0.854356    0.754071   0.0124397
         231    0.845518    0.754467   0.0123921
         232     0.83528    0.754815   0.0123436
         233    0.852838    0.755236   0.0122978
         234     0.88071    0.755772   0.0122569
         235    0.873974    0.756275   0.0122151
         236    0.839329    0.756627   0.0121684
         237    0.798596    0.756804   0.0121183
         238    0.788073    0.756935   0.0120681
         239    0.759307    0.756945   0.0120177
         240    0.732301    0.756843    0.011968
         241    0.717945    0.756681   0.0119194
         242    0.708094     0.75648   0.0118719
         243    0.726361    0.756356   0.0118237
         244    0.735888    0.756273   0.0117755
         245    0.745388    0.756228   0.0117275
         246    0.733848    0.756137   0.0116802
         247    0.734864    0.756051   0.0116332
         248    0.774595    0.756126   0.0115866
         249    0.792523    0.756272    0.011541
         250    0.756279    0.756272   0.0114948
         251    0.776628    0.756353   0.0114493
         252    0.749596    0.756326   0.0114039
         253    0.757381     0.75633   0.0113588
         254    0.731369    0.756232   0.0113145
         255    0.672698    0.755905   0.0112749
         256    0.680294    0.755609   0.0112347
         257    0.648001    0.755191   0.0111988
         258    0.694848    0.754957   0.0111578
         259    0.734219    0.754877    0.011115
         260    0.739218    0.754816   0.0110725
         261    0.739602    0.754758   0.0110302
         262    0.805883    0.754953   0.0109898
         263    0.792216    0.755095   0.0109489
         264    0.808349    0.755297   0.0109093
         265    0.797651    0.755456   0.0108693
         266     0.75938    0.755471   0.0108285
         267    0.766907    0.755514    0.010788
         268    0.708991     0.75534   0.0107491
         269    0.671912     0.75503   0.0107137
         270    0.677472    0.754743   0.0106778
         271    0.712244    0.754586   0.0106396
         272    0.728626    0.754491   0.0106009
         273    0.731777    0.754408   0.0105624
         274    0.731392    0.754324   0.0105242
         275    0.769646    0.754379   0.0104861
         276    0.767825    0.754428   0.0104482
         277    0.782312    0.754529   0.0104109
         278    0.794219    0.754671   0.0103745
         279    0.765364     0.75471   0.0103374
         280    0.765973     0.75475   0.0103005
         281    0.784472    0.754856   0.0102644
         282    0.777262    0.754935   0.0102283
         283    0.747115    0.754908   0.0101922
         284    0.757323    0.754916   0.0101563
         285    0.745207    0.754882   0.0101207
         286    0.730305    0.754796   0.0100857
         287    0.721473     0.75468   0.0100512
         288    0.748215    0.754657   0.0100164
         289     0.78806    0.754773  0.00998238
         290    0.800774    0.754932  0.00994922
         291    0.809326    0.755119  0.00991678
         292    0.786424    0.755226   0.0098834
         293    0.806211      0.7554   0.0098512
         294    0.766313    0.755437  0.00981776
         295    0.778272    0.755514  0.00978479
         296    0.776834    0.755586    0.009752
         297     0.77664    0.755657  0.00971942
         298    0.774324     0.75572    0.009687
         299    0.762644    0.755743  0.00965463
         300    0.791933    0.755864  0.00962321
         301    0.762339    0.755885  0.00959126
         302    0.793942    0.756011  0.00956033
         303     0.75812    0.756018  0.00952878
         304    0.749226    0.755996  0.00949746
         305     0.79894    0.756137  0.00946736
         306     0.78284    0.756224  0.00943683
         307    0.786423    0.756322   0.0094066
         308     0.78198    0.756406  0.00937643
         309    0.794729     0.75653   0.0093469
         310    0.806948    0.756692  0.00931817
         311    0.784097     0.75678  0.00928862
         312    0.783389    0.756866  0.00925924
         313    0.823187    0.757078  0.00923208
         314    0.776467    0.757139  0.00920289
         315    0.797193    0.757266  0.00917455
         316    0.760384    0.757276  0.00914552
         317    0.731235    0.757194  0.00911704
         318    0.709784    0.757045  0.00908959
         319    0.719518    0.756927  0.00906186
         320     0.73164    0.756848  0.00903389
         321    0.746463    0.756816   0.0090058
         322    0.774907    0.756872  0.00897801
         323    0.779831    0.756943  0.00895049
         324    0.822891    0.757147  0.00892518
         325    0.781684    0.757222  0.00889804
         326    0.826806    0.757436   0.0088733
         327    0.788098     0.75753  0.00884666
         328     0.81896    0.757717  0.00882168
         329    0.803821    0.757857  0.00879597
         330       0.786    0.757942  0.00876973
         331    0.779534    0.758008  0.00874348
         332    0.801884     0.75814  0.00871814
         333    0.779571    0.758204   0.0086922
         334    0.780135     0.75827  0.00866643
         335    0.752641    0.758253  0.00864057
         336     0.77518    0.758303    0.008615
         337    0.756297    0.758297  0.00858944
         338    0.717781    0.758177  0.00856486
         339    0.715863    0.758053  0.00854051
         340     0.73713    0.757991  0.00851561
         341    0.679538    0.757761  0.00849375
         342    0.658933    0.757472  0.00847382
         343    0.670785    0.757219  0.00845289
         344    0.664339    0.756949  0.00843263
         345    0.678729    0.756723  0.00841123
         346    0.670536    0.756474  0.00839061
         347    0.658474    0.756191  0.00837118
         348     0.70135    0.756033  0.00834861
         349    0.684926     0.75583  0.00832717
         350    0.689248     0.75564  0.00830555
         351    0.718784    0.755535  0.00828255
         352    0.714144    0.755417  0.00825986
         353    0.722627    0.755324  0.00823698
         354      0.7406    0.755282  0.00821382
         355    0.781594    0.755357  0.00819102
         356    0.765498    0.755385  0.00816806
         357    0.759868    0.755398  0.00814519
         358    0.770854    0.755441  0.00812255
         359    0.771764    0.755486  0.00810005
         360    0.738288    0.755438  0.00807769
         361    0.712694     0.75532  0.00805618
         362    0.716487    0.755213  0.00803464
         363    0.664768    0.754964  0.00801637
         364    0.662629     0.75471  0.00799836
         365    0.659923     0.75445  0.00798066
         366    0.648732    0.754161  0.00796408
         367    0.672465    0.753939  0.00794549
         368    0.661323    0.753687  0.00792789
         369    0.695447    0.753529  0.00790797
         370    0.703184    0.753393  0.00788777
         371    0.738898    0.753354  0.00786661
         372    0.719896    0.753264  0.00784597
         373    0.725828    0.753191  0.00782528
         374    0.720435    0.753103  0.00780485
         375    0.738223    0.753063  0.00778414
         376    0.735979    0.753018  0.00776357
         377    0.715845    0.752919   0.0077436
         378    0.719534    0.752831  0.00772362
         379    0.701311    0.752695  0.00770444
         380    0.663939    0.752462   0.0076877
         381    0.700341    0.752325  0.00766874
         382    0.666379      0.7521  0.00765197
         383    0.667393    0.751879  0.00763518
         384    0.695949    0.751733  0.00761669
         385     0.70864    0.751621  0.00759773
         386     0.77122    0.751672  0.00757821
         387    0.795472    0.751785  0.00755948
         388    0.806626    0.751926  0.00754131
         389     0.79372    0.752034  0.00752269
         390    0.802862    0.752164  0.00750453
         391    0.786312    0.752251  0.00748585
         392    0.766422    0.752288  0.00746684
         393    0.798259    0.752405  0.00744876
         394    0.763793    0.752433  0.00742991
         395    0.747665    0.752421  0.00741111
         396     0.75097    0.752418  0.00739239
         397    0.735597    0.752375  0.00737389
         398     0.71804    0.752289  0.00735587
         399    0.708603     0.75218  0.00733825
         400    0.727022    0.752117  0.00732017
         401    0.719028    0.752034  0.00730238
         402    0.677164    0.751848  0.00728659
         403    0.751264    0.751846  0.00726851
         404    0.767876    0.751886  0.00725063
         405    0.828998    0.752077  0.00723523
         406    0.847897    0.752313  0.00722125
         407    0.864631    0.752589  0.00720878
         408    0.834042    0.752788  0.00719388
         409    0.812567    0.752934  0.00717777
         410    0.818374    0.753094  0.00716204
         411    0.778855    0.753157  0.00714489
         412    0.806958    0.753287  0.00712874
         413    0.810899    0.753427  0.00711284
         414    0.786365    0.753506  0.00709611
         415    0.760837    0.753524  0.00707903
         416    0.751702     0.75352  0.00706202
         417    0.736287    0.753478   0.0070452
         418    0.764669    0.753505   0.0070284
         419    0.780452    0.753569  0.00701192
         420    0.754029     0.75357  0.00699522
         421    0.777689    0.753628  0.00697884
         422    0.804136    0.753747  0.00696333
         423    0.798901    0.753854  0.00694769
         424    0.817469    0.754004  0.00693292
         425    0.791567    0.754093  0.00691717
         426    0.806299    0.754215  0.00690202
         427    0.795787    0.754312  0.00688654
         428    0.812721    0.754449   0.0068718
         429    0.784985     0.75452  0.00685615
         430    0.766942    0.754549  0.00684027
         431    0.793435    0.754639  0.00682499
         432    0.781757    0.754702  0.00680948
         433    0.746154    0.754682  0.00679379
         434    0.781635    0.754744  0.00677842
         435    0.755124    0.754745  0.00676283
         436    0.740862    0.754713   0.0067474
         437    0.743281    0.754687  0.00673201
         438    0.744318    0.754664  0.00671668
         439    0.788124     0.75474  0.00670181
         440    0.787018    0.754813  0.00668698
         441    0.787815    0.754888  0.00667224
         442    0.806957    0.755006  0.00665818
         443      0.8051    0.755119  0.00664411
         444    0.782937    0.755181  0.00662944
         445    0.836585    0.755364  0.00661707
         446    0.793208    0.755449  0.00660278
         447    0.811537    0.755575   0.0065892
         448    0.803384    0.755681  0.00657535
         449    0.789579    0.755757  0.00656114
         450    0.805529    0.755868   0.0065475
         451    0.816228    0.756001  0.00653435
         452    0.834633    0.756175   0.0065222
         453    0.867806    0.756422  0.00651246
         454    0.828489    0.756581  0.00650005
         455    0.826768    0.756735  0.00648759
         456    0.824114    0.756883  0.00647505
         457    0.767123    0.756905  0.00646092
         458    0.752978    0.756896  0.00644682
         459    0.759478    0.756902  0.00643278
         460    0.770255    0.756931  0.00641886
         461     0.77704    0.756975  0.00640508
         462    0.784108    0.757033  0.00639149
         463    0.824549    0.757179  0.00637935
         464    0.787739    0.757245  0.00636594
         465    0.783645    0.757302   0.0063525
         466    0.800677    0.757395  0.00633955
         467    0.796058    0.757478  0.00632652
         468    0.786651     0.75754   0.0063133
         469    0.763176    0.757552  0.00629985
         470    0.761839    0.757561  0.00628646
         471    0.788823    0.757628  0.00627346
         472    0.766238    0.757646   0.0062602
         473    0.826577    0.757792  0.00624866
         474    0.815009    0.757912  0.00623664
         475    0.828115     0.75806  0.00622526
         476    0.836471    0.758225  0.00621436
         477    0.867834    0.758455  0.00620558
         478    0.861307     0.75867  0.00619633
         479    0.815664    0.758789  0.00618453
         480    0.808821    0.758893  0.00617253
         481    0.795529    0.758969  0.00616017
         482    0.794623    0.759043  0.00614783
         483    0.794585    0.759117  0.00613554
         484     0.77901    0.759158    0.006123
         485    0.768755    0.759178  0.00611041
         486    0.752285    0.759163  0.00609785
         487    0.734882    0.759114  0.00608554
         488    0.704746    0.759002  0.00607408
         489    0.734415    0.758952  0.00606187
         490    0.708496    0.758849  0.00605037
         491    0.725572    0.758781  0.00603843
         492      0.6575    0.758575  0.00602967
         493    0.689836    0.758436  0.00601905
         494    0.721804    0.758362  0.00600732
         495     0.67699    0.758197  0.00599743
         496    0.672019    0.758024  0.00598786
         497    0.679097    0.757865  0.00597791
         498     0.67449    0.757697  0.00596825
         499    0.727995    0.757638  0.00595659
         500    0.699071    0.757521  0.00594583
         501    0.727212     0.75746  0.00593427
         502    0.773092    0.757491  0.00592253
         503    0.749574    0.757476  0.00591078
         504    0.756375    0.757473  0.00589905
         505    0.798796    0.757555  0.00588794
         506    0.790388     0.75762  0.00587666
         507    0.806626    0.757717  0.00586586
         508    0.811028    0.757822  0.00585525
         509    0.772838    0.757851  0.00584382
         510    0.758242    0.757852  0.00583236
         511    0.763126    0.757862  0.00582096
         512    0.728318    0.757805  0.00580988
         513    0.725908    0.757742  0.00579888
         514    0.673608    0.757579  0.00578991
         515    0.677671    0.757424  0.00578075
         516    0.702696    0.757317  0.00577052
         517    0.720691    0.757247  0.00575979
         518    0.735824    0.757205  0.00574882
         519    0.758927    0.757209  0.00573774
         520    0.756537    0.757207  0.00572671
         521    0.758741     0.75721  0.00571572
         522    0.769667    0.757234  0.00570482
         523    0.755687    0.757231  0.00569391
         524    0.781719    0.757278  0.00568324
         525    0.771642    0.757305  0.00567248
         526     0.71864    0.757232  0.00566217
         527    0.760774    0.757238  0.00565143
         528      0.7629    0.757249  0.00564074
         529    0.756203    0.757247  0.00563008
         530    0.777345    0.757285  0.00561958
         531    0.747597    0.757267  0.00560903
         532    0.755856    0.757264  0.00559848
         533    0.762892    0.757275  0.00558799
         534    0.761257    0.757282  0.00557753
         535    0.744725    0.757259  0.00556715
         536    0.761455    0.757267  0.00555677
         537    0.749443    0.757252  0.00554645
         538    0.736191    0.757213  0.00553627
         539    0.762026    0.757222  0.00552601
         540    0.742801    0.757195  0.00551584
         541    0.746064    0.757175  0.00550568
         542    0.706368    0.757081  0.00549632
         543    0.693307    0.756963  0.00548746
         544    0.731905    0.756917  0.00547756
         545    0.726541    0.756862   0.0054678
         546     0.67712    0.756715  0.00545973
         547    0.720278    0.756649  0.00545016
         548    0.717168    0.756577  0.00544069
         549    0.722881    0.756515  0.00543112
         550    0.722009    0.756453  0.00542161
         551    0.721464    0.756389  0.00541214
         552    0.724689    0.756332  0.00540264
         553    0.743911    0.756309  0.00539292
         554    0.715036    0.756235   0.0053837
         555    0.683914    0.756105  0.00537558
         556    0.725402    0.756049  0.00536619
         557    0.736838    0.756015  0.00535667
         558     0.73432    0.755976  0.00534721
         559     0.70914    0.755892   0.0053383
         560     0.68654    0.755768   0.0053302
         561    0.678523    0.755631  0.00532248
         562    0.683009    0.755501  0.00531458
         563     0.67891    0.755365  0.00530688
         564     0.66037    0.755197  0.00530014
         565    0.649129    0.755009  0.00529409
         566    0.649286    0.754822  0.00528803
         567    0.677796    0.754687  0.00528044
         568    0.672756    0.754542  0.00527312
         569     0.68335    0.754417  0.00526533
         570    0.714981    0.754348  0.00525655
         571    0.713411    0.754276  0.00524783
         572    0.711928    0.754202  0.00523918
         573    0.717591    0.754138  0.00523043
         574    0.714835     0.75407  0.00522176
         575    0.718293    0.754008  0.00521305
         576    0.719575    0.753948  0.00520435
         577      0.6753    0.753812  0.00519711
         578    0.712871    0.753741   0.0051886
         579    0.700381    0.753649  0.00518046
         580    0.695655    0.753549  0.00517249
         581    0.713396     0.75348  0.00516405
         582    0.744195    0.753464   0.0051552
         583    0.728821    0.753421  0.00514653
         584    0.679166    0.753294  0.00513929
         585    0.643787    0.753107  0.00513391
         586    0.681959    0.752986  0.00512659
         587    0.633681    0.752782  0.00512188
         588    0.650591    0.752608  0.00511612
         589    0.655072    0.752443  0.00511011
         590    0.679127    0.752319  0.00510296
         591    0.680987    0.752198  0.00509576
         592    0.690069    0.752093  0.00508823
         593    0.687863    0.751985   0.0050808
         594    0.722769    0.751935  0.00507248
         595     0.72724    0.751894  0.00506413
         596    0.740203    0.751874  0.00505567
         597    0.733067    0.751843   0.0050473
         598    0.737399    0.751819  0.00503892
         599    0.744851    0.751807  0.00503052
         600    0.719848    0.751754  0.00502242
         601    0.703124    0.751673  0.00501471
         602     0.66871    0.751535  0.00500827
         603    0.663013    0.751388  0.00500212
         604    0.668884    0.751252   0.0049957
         605    0.670071    0.751118  0.00498925
         606    0.624763    0.750909  0.00498537
         607    0.606099     0.75067  0.00498286
         608    0.593897    0.750413  0.00498133
         609     0.59718    0.750161   0.0049795
         610    0.623003    0.749953   0.0049757
         611    0.626821    0.749751  0.00497164
         612    0.651883    0.749591  0.00496609
         613    0.696314    0.749504  0.00495874
         614     0.67229    0.749378  0.00495226
         615    0.700495    0.749299  0.00494485
         616    0.722518    0.749255  0.00493701
         617    0.688413    0.749157     0.00493
         618    0.708397    0.749091  0.00492246
         619    0.697757    0.749008  0.00491521
         620    0.678741    0.748895  0.00490858
         621    0.670746    0.748769  0.00490229
         622    0.701965    0.748694  0.00489499
         623    0.704306    0.748622  0.00488765
         624    0.720057    0.748577  0.00488003
         625    0.730868    0.748548  0.00487231
         626    0.740227    0.748535  0.00486454
         627     0.73311     0.74851  0.00485684
         628    0.755575    0.748522  0.00484912
         629    0.734302    0.748499  0.00484147
         630    0.750974    0.748503  0.00483378
         631    0.729963    0.748473  0.00482621
         632    0.752982    0.748481  0.00481858
         633    0.719907    0.748435  0.00481118
         634    0.726382    0.748401  0.00480372
         635     0.68587    0.748302  0.00479716
         636    0.697687    0.748223  0.00479028
         637    0.654977    0.748076    0.004785
         638    0.676404    0.747964  0.00477881
         639    0.678945    0.747856  0.00477256
         640     0.69413    0.747772  0.00476584
         641    0.720542    0.747729  0.00475859
         642    0.707027    0.747666   0.0047516
         643    0.737344     0.74765  0.00474424
         644    0.700604    0.747577  0.00473743
         645    0.673894    0.747463  0.00473147
         646    0.685852    0.747367   0.0047251
         647    0.656767    0.747227  0.00471987
         648    0.671337     0.74711  0.00471404
         649    0.674684    0.746999   0.0047081
         650    0.680987    0.746897  0.00470195
         651    0.686461    0.746804  0.00469565
         652    0.681523    0.746704  0.00468951
         653    0.672119     0.74659  0.00468372
         654    0.683063    0.746493  0.00467757
         655    0.711031    0.746439  0.00467074
         656    0.686378    0.746347  0.00466452
         657    0.740757    0.746339  0.00465742
         658     0.76338    0.746364  0.00465042
         659    0.761859    0.746388  0.00464342
         660     0.74847    0.746391  0.00463639
         661     0.76418    0.746418  0.00462945
         662     0.77617    0.746463  0.00462268
         663    0.803253    0.746549   0.0046165
         664    0.789585    0.746613     0.00461
         665     0.75678    0.746629  0.00460309
         666    0.762273    0.746652  0.00459624
         667    0.767208    0.746683  0.00458945
         668    0.730285    0.746658  0.00458265
         669    0.746225    0.746658   0.0045758
         670    0.755251    0.746671  0.00456899
         671    0.743711    0.746666  0.00456218
         672    0.739159    0.746655   0.0045554
         673    0.752854    0.746664  0.00454864
         674    0.761882    0.746687  0.00454195
         675     0.79324    0.746756  0.00453575
         676    0.832702    0.746883  0.00453082
         677    0.854437    0.747042  0.00452691
         678     0.84988    0.747194  0.00452277
         679    0.811487    0.747288   0.0045171
         680    0.794121    0.747357  0.00451099
         681    0.737148    0.747342  0.00450439
         682    0.738309    0.747329   0.0044978
         683    0.687163    0.747241  0.00449208
         684    0.678345     0.74714  0.00448664
         685    0.680035    0.747042  0.00448116
         686    0.672872    0.746934  0.00447593
         687    0.715895    0.746889  0.00446964
         688    0.680487    0.746792  0.00446419
         689    0.712637    0.746743  0.00445799
         690    0.686775    0.746656  0.00445237
         691    0.739124    0.746645  0.00444594
         692    0.687679     0.74656  0.00444033
         693    0.684688     0.74647  0.00443482
         694    0.662275    0.746349  0.00443009
         695    0.701157    0.746284   0.0044242
         696    0.701564     0.74622  0.00441831
         697     0.70337    0.746158  0.00441239
         698    0.712663     0.74611  0.00440633
         699    0.735086    0.746095  0.00440006
         700    0.732254    0.746075  0.00439382
         701    0.757828    0.746092  0.00438758
         702    0.788322    0.746152  0.00438174
         703    0.803871    0.746234  0.00437628
         704    0.739843    0.746225  0.00437007
         705    0.760837    0.746245  0.00436392
         706    0.770739     0.74628  0.00435788
         707    0.746467     0.74628  0.00435172
         708    0.724083    0.746249  0.00434568
         709    0.738672    0.746238  0.00433957
         710    0.708427    0.746185  0.00433378
         711    0.756551      0.7462  0.00432771
         712    0.786362    0.746256    0.004322
         713    0.726708    0.746229  0.00431602
         714    0.776652    0.746271  0.00431019
         715    0.743693    0.746268  0.00430416
         716    0.725311    0.746238  0.00429825
         717    0.742397    0.746233  0.00429226
         718    0.725892    0.746205  0.00428638
         719    0.729229    0.746181  0.00428048
         720     0.73642    0.746168  0.00427456
         721     0.71501    0.746124  0.00426885
         722    0.755331    0.746137  0.00426295
         723    0.735906    0.746123  0.00425708
         724    0.712961    0.746077  0.00425145
         725    0.701807    0.746016  0.00424602
         726    0.693297    0.745943  0.00424079
         727    0.699472     0.74588  0.00423544
         728    0.741046    0.745873  0.00422963
         729    0.756475    0.745887  0.00422385
         730    0.758103    0.745904   0.0042181
         731    0.774008    0.745943   0.0042125
         732    0.758407     0.74596  0.00420678
         733    0.769237    0.745991  0.00420116
         734     0.72887    0.745968   0.0041955
         735    0.734455    0.745952  0.00418983
         736    0.689519    0.745876  0.00418483
         737    0.721006    0.745842  0.00417929
         738    0.684374    0.745759  0.00417446
         739    0.665577     0.74565  0.00417022
         740    0.646836    0.745517  0.00416672
         741    0.627605    0.745358  0.00416414
         742    0.630859    0.745203  0.00416138
         743    0.655167    0.745082  0.00415755
         744    0.655657    0.744962  0.00415369
         745    0.671747    0.744864  0.00414928
         746    0.676665    0.744772  0.00414473
         747    0.741616    0.744768  0.00413918
         748    0.718992    0.744733  0.00413379
         749    0.719636      0.7447  0.00412841
         750     0.70832    0.744651  0.00412319
         751    0.717137    0.744615  0.00411786
         752    0.660283    0.744503  0.00411391
         753     0.66042    0.744391  0.00410996
         754    0.628129    0.744237   0.0041074
         755    0.630882    0.744087  0.00410471
         756    0.602202    0.743899  0.00410356
         757    0.616265     0.74373  0.00410161
         758    0.619174    0.743566  0.00409949
         759     0.64543    0.743437  0.00409612
         760    0.683069    0.743357   0.0040915
         761    0.710783    0.743315  0.00408635
         762    0.737729    0.743307  0.00408099
         763    0.778008    0.743353   0.0040759
         764     0.75197    0.743364  0.00407058
         765    0.744688    0.743366  0.00406526
         766    0.713589    0.743327  0.00406014
         767     0.69518    0.743264  0.00405533
         768    0.655468     0.74315  0.00405166
         769    0.664401    0.743047  0.00404769
         770    0.678348    0.742963   0.0040433
         771     0.64996    0.742843  0.00403986
         772    0.665284    0.742742  0.00403587
         773    0.675283    0.742655  0.00403159
         774    0.671033    0.742562  0.00402745
         775    0.656719    0.742452  0.00402377
         776    0.665722    0.742353   0.0040198
         777    0.649814    0.742234  0.00401639
         778    0.664978    0.742134  0.00401246
         779    0.675875    0.742049  0.00400821
         780    0.671723    0.741959  0.00400408
         781     0.67405    0.741872   0.0039999
         782    0.669312    0.741779  0.00399586
         783    0.685043    0.741707  0.00399142
         784    0.720047    0.741679  0.00398642
         785    0.733017    0.741668  0.00398136
         786    0.691694    0.741605   0.0039768
         787    0.745954     0.74161  0.00397175
         788    0.728402    0.741593  0.00396675
         789    0.762348     0.74162   0.0039618
         790     0.72734    0.741602  0.00395683
         791    0.717593    0.741571  0.00395195
         792    0.683976    0.741499  0.00394762
         793    0.693144    0.741438  0.00394312
         794    0.686394    0.741368  0.00393876
         795    0.669264    0.741278  0.00393485
         796    0.705896    0.741233  0.00393016
         797    0.686194    0.741164  0.00392583
         798    0.687962    0.741097  0.00392148
         799    0.752032    0.741111   0.0039166
         800    0.732107      0.7411  0.00391172
         801    0.729061    0.741085  0.00390686
         802    0.704588    0.741039  0.00390226
         803    0.701896    0.740991   0.0038977
         804    0.709083    0.740951  0.00389305
         805     0.64502    0.740832  0.00389004
         806    0.639065    0.740705  0.00388726
         807    0.664649    0.740611  0.00388359
         808    0.657445    0.740508  0.00388015
         809      0.6672    0.740418  0.00387641
         810    0.651614    0.740308  0.00387317
         811    0.673693    0.740226  0.00386927
         812    0.672875    0.740143  0.00386539
         813    0.647825    0.740029   0.0038623
         814    0.692846    0.739971  0.00385799
         815    0.663113    0.739877  0.00385441
         816    0.713183    0.739844  0.00384983
         817    0.739505    0.739844  0.00384512
         818    0.758947    0.739867  0.00384049
         819    0.753505    0.739884  0.00383583
         820    0.729661    0.739872  0.00383118
         821    0.736106    0.739867  0.00382651
         822    0.760832    0.739892  0.00382194
         823    0.746395      0.7399  0.00381731
         824    0.750056    0.739913  0.00381269
         825    0.748861    0.739924  0.00380809
         826    0.777913     0.73997  0.00380376
         827    0.738865    0.739968  0.00379916
         828    0.734495    0.739962  0.00379457
         829     0.71226    0.739928  0.00379014
         830    0.704724    0.739886  0.00378581
         831    0.703539    0.739842  0.00378151
         832    0.681923    0.739772  0.00377761
         833    0.689865    0.739712  0.00377355
         834    0.715065    0.739683  0.00376914
         835    0.704861    0.739641  0.00376485
         836    0.724555    0.739623  0.00376039
         837    0.746639    0.739632  0.00375591
         838    0.726016    0.739615  0.00375146
         839    0.742671    0.739619  0.00374699
         840    0.744319    0.739625  0.00374254
         841     0.72933    0.739612  0.00373811
         842    0.704238     0.73957   0.0037339
         843    0.721067    0.739548  0.00372954
         844    0.690445     0.73949  0.00372557
         845    0.660089    0.739396  0.00372235
         846    0.625256    0.739261  0.00372039
         847    0.652852    0.739159   0.0037174
         848    0.632309    0.739033  0.00371515
         849    0.641501    0.738918  0.00371255
         850    0.668204    0.738835  0.00370912
         851    0.683374     0.73877  0.00370533
         852    0.709484    0.738736  0.00370114
         853    0.753237    0.738753  0.00369684
         854    0.767646    0.738786  0.00369267
         855     0.77427    0.738828  0.00368858
         856    0.786589    0.738884  0.00368469
         857    0.759426    0.738908  0.00368047
         858    0.734886    0.738903  0.00367619
         859    0.699626    0.738857  0.00367219
         860    0.671761    0.738779  0.00366875
         861    0.620552    0.738642  0.00366706
         862    0.620904    0.738505  0.00366535
         863    0.631165    0.738381  0.00366321
         864    0.637935    0.738265  0.00366081
         865    0.638167    0.738149  0.00365841
         866    0.674889    0.738076  0.00365491
         867    0.690047    0.738021  0.00365112
         868    0.736691    0.738019  0.00364691
         869    0.786474    0.738075  0.00364314
         870    0.794704     0.73814  0.00363954
         871    0.774222    0.738181  0.00363559
         872     0.81056    0.738264  0.00363237
         873    0.798073    0.738333  0.00362886
         874    0.776281    0.738376  0.00362496
         875    0.715707     0.73835  0.00362091
         876    0.726245    0.738337  0.00361681
         877    0.690994    0.738283  0.00361308
         878    0.678089    0.738214  0.00360962
         879     0.63615    0.738098  0.00360738
         880    0.654283    0.738003  0.00360454
         881     0.66779    0.737923  0.00360133
         882    0.670745    0.737847  0.00359805
         883    0.684895    0.737787  0.00359448
         884     0.66618    0.737706  0.00359132
         885    0.697134     0.73766  0.00358756
         886    0.678197    0.737593  0.00358413
         887    0.681949     0.73753  0.00358064
         888     0.74043    0.737533  0.00357661
         889    0.734604     0.73753  0.00357259
         890    0.744198    0.737538  0.00356858
         891    0.759449    0.737562  0.00356466
         892    0.766824    0.737595  0.00356082
         893    0.759286    0.737619  0.00355691
         894    0.744209    0.737627  0.00355294
         895    0.747162    0.737637  0.00354899
         896    0.717296    0.737615   0.0035451
         897    0.660313    0.737528   0.0035422
         898    0.691153    0.737477  0.00353863
         899    0.681762    0.737415  0.00353523
         900    0.688614    0.737361  0.00353172
         901    0.685781    0.737303  0.00352827
         902    0.731326    0.737297  0.00352436
         903    0.721096    0.737279   0.0035205
         904    0.717548    0.737257  0.00351668
         905    0.742894    0.737263   0.0035128
         906    0.714756    0.737238  0.00350901
         907    0.687278    0.737183  0.00350557
         908    0.662304    0.737101  0.00350268
         909    0.680202    0.737038  0.00349939
         910    0.673975    0.736969  0.00349623
         911    0.694189    0.736922   0.0034927
         912    0.702849    0.736885  0.00348907
         913    0.744992    0.736893  0.00348526
         914    0.764045    0.736923  0.00348158
         915    0.746924    0.736934  0.00347779
         916     0.74524    0.736943    0.003474
         917    0.693006    0.736895  0.00347055
         918    0.686755    0.736841   0.0034672
         919    0.688483    0.736788  0.00346382
         920    0.630491    0.736672  0.00346198
         921    0.617244    0.736543  0.00346065
         922    0.620659    0.736417  0.00345918
         923    0.641922    0.736315  0.00345695
         924     0.66698     0.73624  0.00345402
         925    0.707867    0.736209  0.00345042
         926    0.715661    0.736187  0.00344677
         927    0.704233    0.736152  0.00344322
         928    0.725985    0.736141  0.00343953
         929    0.730512    0.736135  0.00343583
         930    0.712988     0.73611  0.00343223
         931    0.702824    0.736075  0.00342873
         932    0.676069     0.73601  0.00342565
         933    0.690144    0.735961  0.00342233
         934    0.692641    0.735915  0.00341898
         935    0.725346    0.735903  0.00341535
         936    0.668088    0.735831  0.00341247
         937    0.672439    0.735763  0.00340949
         938    0.656309    0.735679  0.00340691
         939    0.666184    0.735605  0.00340409
         940    0.625097    0.735487  0.00340249
         941    0.639771    0.735385   0.0034004
         942    0.625748    0.735269  0.00339878
         943    0.620977    0.735148  0.00339734
         944     0.67017    0.735079  0.00339444
         945    0.631645     0.73497  0.00339261
         946    0.646594    0.734876  0.00339031
         947    0.665531    0.734803  0.00338752
         948    0.612363    0.734674  0.00338641
         949    0.613512    0.734546  0.00338524
         950    0.629071    0.734435   0.0033835
         951    0.590445    0.734284  0.00338333
         952    0.615492    0.734159  0.00338207
         953    0.645925    0.734066  0.00337979
         954    0.670453       0.734  0.00337691
         955    0.634803    0.733896  0.00337497
         956    0.677891    0.733837  0.00337195
         957    0.721438    0.733824  0.00336845
         958    0.717264    0.733807  0.00336498
         959    0.713354    0.733786  0.00336154
         960    0.749769    0.733802  0.00335807
         961    0.769066    0.733839  0.00335478
         962    0.794753    0.733902  0.00335189
         963    0.784459    0.733955  0.00334882
         964    0.782837    0.734005  0.00334573
         965    0.772683    0.734045   0.0033425
         966    0.717252    0.734028  0.00333909
         967    0.692274    0.733985  0.00333592
         968    0.655974    0.733904  0.00333344
         969    0.661276    0.733829  0.00333085
         970    0.636013    0.733729  0.00332894
         971     0.63901    0.733631  0.00332694
         972    0.678614    0.733574    0.003324
         973    0.680058    0.733519  0.00332104
         974    0.718517    0.733504  0.00331766
         975    0.756503    0.733528  0.00331434
         976    0.742206    0.733536  0.00331096
         977    0.746327     0.73355   0.0033076
         978    0.722513    0.733538  0.00330423
         979    0.794105      0.7336  0.00330144
         980    0.778606    0.733646  0.00329839
         981    0.822812    0.733737  0.00329628
         982    0.786012     0.73379  0.00329335
         983    0.786352    0.733844  0.00329043
         984    0.805617    0.733917   0.0032879
         985    0.766945     0.73395  0.00328473
         986    0.748917    0.733965  0.00328144
         987    0.741436    0.733973  0.00327812
         988     0.72283    0.733962  0.00327482
         989    0.678748    0.733906  0.00327199
         990    0.693298    0.733865  0.00326894
         991     0.69639    0.733827  0.00326586
         992    0.691434    0.733784  0.00326285
         993    0.676763    0.733727  0.00326006
         994    0.669319    0.733662  0.00325743
         995    0.680437    0.733608  0.00325459
         996    0.687172    0.733562  0.00325166
         997    0.637098    0.733465  0.00324984
         998    0.659854    0.733391  0.00324742
         999    0.643059    0.733301  0.00324543
        1000    0.654088    0.733222  0.00324315
        1001    0.681496     0.73317  0.00324032
        1002    0.636712    0.733074  0.00323852
        1003    0.705263    0.733046  0.00323541
        1004    0.682229    0.732995  0.00323258
        1005    0.683528    0.732946  0.00322974
        1006    0.684995    0.732899  0.00322688
        1007    0.664006     0.73283   0.0032244
        1008    0.654324    0.732752  0.00322214
        1009    0.638681    0.732659   0.0032203
        1010     0.63817    0.732565  0.00321847
        1011    0.671323    0.732505  0.00321585
        1012    0.626806      0.7324  0.00321437
        1013    0.617864    0.732287  0.00321318
        1014    0.648455    0.732205  0.00321108
        1015    0.689075    0.732162   0.0032082
        1016    0.713297    0.732144  0.00320509
        1017    0.689205    0.732101  0.00320222
        1018    0.679501     0.73205  0.00319949
        1019    0.680527    0.731999  0.00319675
        1020    0.702895    0.731971  0.00319374
        1021     0.71152    0.731951  0.00319068
        1022    0.690428     0.73191  0.00318782
        1023     0.66951    0.731849  0.00318528
        1024    0.704827    0.731823  0.00318228
        1025    0.678253     0.73177  0.00317961
        1026    0.670203     0.73171  0.00317707
        1027     0.70434    0.731684  0.00317409
        1028    0.733409    0.731685    0.003171
        1029     0.73803    0.731692  0.00316793
        1030    0.743353    0.731703  0.00316487
        1031    0.785708    0.731755  0.00316224
        1032     0.76406    0.731787  0.00315933
        1033    0.716999    0.731772   0.0031563
        1034    0.768787    0.731808  0.00315345
        1035    0.741522    0.731817  0.00315042
        1036    0.722895    0.731809  0.00314739
        1037    0.671442    0.731751  0.00314489
        1038    0.684787    0.731705  0.00314219
        1039    0.651091    0.731628  0.00314012
        1040    0.674459    0.731573  0.00313758
        1041    0.704849    0.731547  0.00313468
        1042    0.725924    0.731542  0.00313167
        1043    0.783654    0.731592  0.00312907
        1044    0.761347     0.73162   0.0031262
        1045    0.773931    0.731661  0.00312347
        1046    0.777896    0.731705   0.0031208
        1047    0.794224    0.731765  0.00311839
        1048    0.778809    0.731809  0.00311574
        1049     0.76748    0.731843  0.00311295
        1050    0.739575    0.731851  0.00310999
        1051    0.680686    0.731802  0.00310742
        1052    0.641727    0.731717  0.00310564
        1053    0.598474     0.73159  0.00310527
        1054    0.595761    0.731461    0.003105
        1055    0.591416    0.731328  0.00310489
        1056    0.635264    0.731237  0.00310328
        1057    0.658716    0.731169   0.0031011
        1058    0.709356    0.731148  0.00309824
        1059    0.662834    0.731084  0.00309599
        1060    0.707033    0.731061  0.00309315
        1061    0.707551    0.731039  0.00309031
        1062    0.701376    0.731011  0.00308753
        1063    0.702685    0.730984  0.00308474
        1064    0.664617    0.730922  0.00308247
        1065    0.667974    0.730863  0.00308014
        1066    0.667064    0.730803  0.00307784
        1067    0.666089    0.730742  0.00307555
        1068    0.677294    0.730692  0.00307308
        1069     0.69954    0.730663  0.00307034
        1070    0.713934    0.730647  0.00306751
        1071    0.738724    0.730655  0.00306466
        1072    0.762417    0.730685  0.00306194
        1073    0.804064    0.730753  0.00305985
        1074    0.839489    0.730854  0.00305868
        1075    0.811695    0.730929  0.00305675
        1076      0.8187    0.731011    0.003055
        1077    0.830709    0.731104  0.00305357
        1078    0.829671    0.731195   0.0030521
        1079    0.785046    0.731245  0.00304968
        1080    0.743585    0.731256  0.00304688
        1081     0.73671    0.731261  0.00304407
        1082    0.751981    0.731281  0.00304131
        1083    0.709371     0.73126  0.00303857
        1084    0.725904    0.731255  0.00303577
        1085    0.707631    0.731234  0.00303305
        1086    0.717444    0.731221  0.00303029
        1087     0.68703     0.73118  0.00302777
        1088    0.677475    0.731131  0.00302539
        1089    0.687688    0.731091  0.00302288
        1090    0.658718    0.731025  0.00302083
        1091    0.670432    0.730969  0.00301857
        1092    0.695644    0.730937  0.00301598
        1093    0.730144    0.730936  0.00301322
        1094    0.772494    0.730974  0.00301071
        1095    0.790651    0.731028  0.00300845
        1096    0.803136    0.731094  0.00300643
        1097    0.757748    0.731119  0.00300378
        1098    0.755542    0.731141  0.00300113
        1099    0.710418    0.731122  0.00299846
        1100    0.674224     0.73107  0.00299618
        1101    0.674926    0.731019  0.00299389
        1102    0.668924    0.730963  0.00299171
        1103     0.66154      0.7309  0.00298965
        1104    0.694943    0.730867  0.00298712
        1105    0.717353    0.730855  0.00298445
        1106    0.738589    0.730862  0.00298176
        1107    0.730254    0.730862  0.00297906
        1108    0.733725    0.730864  0.00297637
        1109    0.696253    0.730833  0.00297385
        1110    0.679815    0.730787  0.00297153
        1111    0.687785    0.730748  0.00296911
        1112    0.712126    0.730732  0.00296649
        1113    0.650033    0.730659  0.00296471
        1114    0.623822    0.730563   0.0029636
        1115     0.62923    0.730472  0.00296233
        1116    0.650543    0.730401  0.00296054
        1117    0.640685     0.73032  0.00295898
        1118    0.662003    0.730259  0.00295696
        1119    0.673465    0.730208  0.00295476
        1120    0.680829    0.730164  0.00295245
        1121    0.683027    0.730122  0.00295011
        1122    0.675703    0.730074  0.00294788
        1123    0.682896    0.730032  0.00294556
        1124    0.682162    0.729989  0.00294325
        1125    0.643213    0.729912  0.00294164
        1126    0.680987    0.729869  0.00293935
        1127    0.670339    0.729816  0.00293721
        1128    0.626373    0.729724  0.00293604
        1129    0.630841    0.729637  0.00293475
        1130    0.631337     0.72955  0.00293344
        1131     0.64883    0.729478  0.00293171
        1132    0.651338    0.729409  0.00292994
        1133    0.651417     0.72934  0.00292816
        1134    0.627389     0.72925  0.00292696
        1135    0.659263    0.729189  0.00292503
        1136    0.647147    0.729117  0.00292334
        1137    0.631355    0.729031  0.00292204
        1138    0.646203    0.728958  0.00292038
        1139    0.699567    0.728932  0.00291793
        1140    0.686009    0.728894  0.00291561
        1141    0.732605    0.728898  0.00291306
        1142    0.685788     0.72886  0.00291075
        1143    0.740932     0.72887  0.00290822
        1144    0.745148    0.728885  0.00290571
        1145    0.715817    0.728873   0.0029032
        1146    0.732622    0.728876  0.00290067
        1147    0.683385    0.728837  0.00289841
        1148    0.676652    0.728791  0.00289624
        1149    0.700478    0.728767  0.00289383
        1150    0.706244    0.728747  0.00289138
        1151    0.701008    0.728723  0.00288896
        1152    0.724601    0.728719  0.00288646
        1153    0.721786    0.728713  0.00288396
        1154     0.75224    0.728734  0.00288153
        1155    0.733252    0.728738  0.00287904
        1156    0.718665    0.728729  0.00287656
        1157     0.72755    0.728728  0.00287408
        1158    0.713423    0.728715  0.00287163
        1159    0.718328    0.728706  0.00286916
        1160    0.726618    0.728704  0.00286669
        1161    0.735358     0.72871  0.00286423
        1162    0.725421    0.728707  0.00286176
        1163    0.726124    0.728705   0.0028593
        1164    0.739284    0.728714  0.00285686
        1165    0.762526    0.728743  0.00285456
        1166    0.764881    0.728774  0.00285228
        1167    0.751351    0.728793   0.0028499
        1168    0.769304    0.728828  0.00284767
        1169    0.747204    0.728844  0.00284528
        1170    0.742753    0.728855  0.00284287
        1171    0.711602    0.728841  0.00284048
        1172    0.695145    0.728812   0.0028382
        1173    0.719872    0.728804  0.00283579
        1174    0.682146    0.728765  0.00283366
        1175    0.700244     0.72874  0.00283135
        1176    0.701051    0.728717  0.00282904
        1177    0.697634     0.72869  0.00282676
        1178    0.674772    0.728645  0.00282473
        1179    0.698186    0.728619  0.00282245
        1180    0.684451    0.728581  0.00282031
        1181    0.709117    0.728565  0.00281797
        1182    0.688604    0.728531  0.00281579
        1183    0.736677    0.728538  0.00281341
        1184    0.738735    0.728547  0.00281105
        1185    0.748543    0.728563  0.00280873
        1186    0.769781    0.728598  0.00280658
        1187    0.749915    0.728616  0.00280427
        1188    0.722719    0.728611  0.00280191
        1189    0.751258     0.72863  0.00279962
        1190    0.727075    0.728629  0.00279727
        1191    0.716544    0.728619  0.00279494
        1192    0.713686    0.728606  0.00279262
        1193    0.715305    0.728595   0.0027903
        1194    0.718866    0.728587  0.00278798
        1195    0.746874    0.728602  0.00278569
        1196    0.770487    0.728637  0.00278358
        1197    0.767929     0.72867  0.00278145
        1198    0.762376    0.728698  0.00277927
        1199    0.761466    0.728726  0.00277708
        1200    0.762637    0.728754  0.00277491
        1201    0.739303    0.728763  0.00277262
        1202    0.747373    0.728778  0.00277035
        1203    0.760502    0.728804  0.00276818
        1204    0.742965    0.728816   0.0027659
        1205    0.733979     0.72882  0.00276361
        1206    0.746247    0.728835  0.00276136
        1207    0.747984    0.728851  0.00275911
        1208    0.724783    0.728847  0.00275683
        1209    0.757763    0.728871  0.00275466
        1210     0.71792    0.728862  0.00275239
        1211    0.691699    0.728832  0.00275029
        1212    0.674355    0.728787  0.00274839
        1213    0.663945    0.728733  0.00274664
        1214    0.648365    0.728667  0.00274518
        1215    0.636961    0.728592  0.00274396
        1216     0.64009    0.728519  0.00274267
        1217    0.682252    0.728481  0.00274068
        1218    0.691029     0.72845   0.0027386
        1219    0.704701     0.72843  0.00273642
        1220    0.750837    0.728449  0.00273424
        1221    0.737856    0.728457  0.00273201
        1222    0.760779    0.728483   0.0027299
        1223    0.699279    0.728459  0.00272778
        1224    0.748914    0.728476   0.0027256
        1225    0.728303    0.728476  0.00272337
        1226    0.759418    0.728501  0.00272127
        1227    0.746413    0.728516  0.00271909
        1228    0.786077    0.728562  0.00271728
        1229    0.781975    0.728606  0.00271542
        1230    0.743631    0.728618  0.00271324
        1231     0.71225    0.728605  0.00271106
        1232    0.694259    0.728577  0.00270901
        1233    0.666487    0.728527  0.00270728
        1234    0.696624    0.728501  0.00270521
        1235    0.680534    0.728462   0.0027033
        1236    0.690119    0.728431  0.00270129
        1237    0.721684    0.728425  0.00269911
        1238    0.748759    0.728442  0.00269698
        1239     0.72519    0.728439   0.0026948
        1240    0.738109    0.728447  0.00269264
        1241    0.759469    0.728472  0.00269059
        1242    0.762087    0.728499  0.00268856
        1243    0.754377     0.72852  0.00268647
        1244    0.754206    0.728541  0.00268439
        1245    0.739498    0.728549  0.00268225
        1246     0.76553    0.728579  0.00268026
        1247    0.730044     0.72858  0.00267812
        1248    0.725233    0.728577  0.00267597
        1249     0.69773    0.728553  0.00267394
        1250    0.694773    0.728526  0.00267194
        1251    0.691128    0.728496  0.00266997
        1252    0.685384    0.728461  0.00266806
        1253     0.69951    0.728438  0.00266603
        1254    0.714796    0.728427  0.00266393
        1255    0.706159     0.72841  0.00266186
        1256    0.715689      0.7284  0.00265976
        1257    0.786719    0.728446  0.00265805
        1258    0.764475    0.728475  0.00265609
        1259    0.750586    0.728492  0.00265404
        1260    0.727022    0.728491  0.00265194
        1261    0.760134    0.728516  0.00264995
        1262    0.728542    0.728516  0.00264785
        1263    0.712593    0.728504  0.00264579
        1264    0.703264    0.728484  0.00264377
        1265    0.742633    0.728495   0.0026417
        1266    0.719532    0.728488  0.00263962
        1267    0.698132    0.728464  0.00263765
        1268    0.687486    0.728431  0.00263577
        1269    0.698388    0.728408   0.0026338
        1270    0.726256    0.728406  0.00263172
        1271     0.68542    0.728372  0.00262987
        1272    0.672859    0.728329  0.00262816
        1273     0.67491    0.728287  0.00262643
        1274    0.703081    0.728267  0.00262445
        1275    0.673497    0.728224  0.00262274
        1276    0.681295    0.728187  0.00262094
        1277    0.699364    0.728164  0.00261899
        1278     0.71842    0.728157  0.00261695
        1279    0.682942    0.728122  0.00261514
        1280    0.685993    0.728089  0.00261331
        1281    0.765786    0.728118  0.00261143
        1282    0.725212    0.728116   0.0026094
        1283    0.743354    0.728128  0.00260739
        1284    0.717734     0.72812  0.00260537
        1285    0.669175    0.728074  0.00260375
        1286    0.669003    0.728028  0.00260213
        1287    0.646586    0.727964  0.00260088
        1288    0.609815    0.727873  0.00260047
        1289    0.618338    0.727788  0.00259984
        1290    0.622216    0.727706  0.00259912
        1291    0.609855    0.727615  0.00259871
        1292    0.642738    0.727549  0.00259752
        1293    0.638811     0.72748  0.00259642
        1294    0.675558     0.72744  0.00259473
        1295    0.665677    0.727392  0.00259316
        1296    0.666912    0.727346  0.00259158
        1297    0.693323     0.72732  0.00258971
        1298    0.669989    0.727275   0.0025881
        1299    0.704178    0.727258  0.00258616
        1300    0.668812    0.727213  0.00258457
        1301    0.655342    0.727157  0.00258317
        1302    0.642321    0.727092  0.00258201
        1303    0.655614    0.727037  0.00258061
        1304    0.672048    0.726995  0.00257897
        1305    0.682411    0.726961  0.00257722
        1306    0.692389    0.726935  0.00257539
        1307    0.693186    0.726909  0.00257355
        1308    0.698394    0.726887  0.00257167
        1309    0.716296    0.726879  0.00256972
        1310    0.693201    0.726853  0.00256789
        1311    0.676899    0.726815  0.00256621
        1312    0.690331    0.726787   0.0025644
        1313    0.700818    0.726768  0.00256253
        1314    0.698519    0.726746  0.00256067
        1315    0.749392    0.726763  0.00255878
        1316    0.732153    0.726767  0.00255684
        1317    0.739862    0.726777  0.00255491
        1318    0.749475    0.726794  0.00255303
        1319     0.76825    0.726826  0.00255129
        1320    0.739456    0.726835  0.00254938
        1321    0.771481    0.726869  0.00254767
        1322    0.740039    0.726879  0.00254576
        1323    0.722431    0.726876  0.00254384
        1324    0.718222    0.726869  0.00254193
        1325    0.732407    0.726874  0.00254001
        1326    0.711794    0.726862  0.00253812
        1327    0.739459    0.726872  0.00253623
        1328    0.710046    0.726859  0.00253435
        1329    0.704371    0.726842   0.0025325
        1330    0.696282    0.726819   0.0025307
        1331    0.674862     0.72678   0.0025291
        1332    0.673652     0.72674  0.00252752
        1333    0.637298    0.726673  0.00252651
        1334    0.689474    0.726645  0.00252477
        1335    0.666444      0.7266  0.00252328
        1336    0.634652    0.726531  0.00252233
        1337    0.651473    0.726475  0.00252107
        1338     0.64501    0.726414  0.00251992
        1339    0.600949    0.726321  0.00251978
        1340    0.592651    0.726221  0.00251987
        1341    0.607147    0.726132  0.00251956
        1342    0.625737    0.726057  0.00251879
        1343    0.634688    0.725989  0.00251783
        1344    0.665804    0.725944  0.00251636
        1345    0.648188    0.725887  0.00251515
        1346    0.624798    0.725811   0.0025144
        1347    0.686587    0.725782  0.00251271
        1348    0.683562    0.725751  0.00251104
        1349    0.712153    0.725741   0.0025092
        1350    0.701496    0.725723   0.0025074
        1351    0.676937    0.725687  0.00250581
        1352    0.711333    0.725676  0.00250397
        1353    0.668824    0.725634  0.00250248
        1354    0.703036    0.725618  0.00250068
        1355    0.751726    0.725637  0.00249891
        1356    0.716769     0.72563  0.00249708
        1357     0.73807    0.725639  0.00249526
        1358    0.724019    0.725638  0.00249342
        1359    0.730389    0.725642  0.00249159
        1360    0.696175     0.72562  0.00248985
        1361    0.706484    0.725606  0.00248806
        1362    0.717858      0.7256  0.00248624
        1363    0.684081     0.72557   0.0024846
        1364    0.662275    0.725523  0.00248321
        1365    0.658407    0.725474  0.00248188
        1366    0.655073    0.725423   0.0024806
        1367    0.660521    0.725375  0.00247924
        1368    0.682758    0.725344  0.00247762
        1369     0.70531    0.725329  0.00247585
        1370    0.714671    0.725322  0.00247406
        1371    0.763195    0.725349  0.00247241
        1372    0.783728    0.725392  0.00247097
        1373    0.761067    0.725418  0.00246931
        1374    0.732725    0.725423  0.00246752
        1375    0.772282    0.725457  0.00246596
        1376     0.74644    0.725472  0.00246421
        1377    0.722897    0.725471  0.00246243
        1378    0.694187    0.725448  0.00246074
        1379    0.684258    0.725418  0.00245914
        1380    0.650236    0.725364  0.00245796
        1381    0.641551    0.725303  0.00245693
        1382    0.658494    0.725255  0.00245563
        1383     0.69614    0.725233  0.00245394
        1384    0.707061     0.72522  0.00245221
        1385    0.714787    0.725213  0.00245045
        1386    0.736155    0.725221  0.00244869
        1387     0.76024    0.725246  0.00244706
        1388    0.729011    0.725249  0.00244529
        1389    0.712664     0.72524  0.00244355
        1390    0.648327    0.725184  0.00244242
        1391    0.605297    0.725098  0.00244218
        1392    0.629958     0.72503  0.00244139
        1393    0.633488    0.724964  0.00244052
        1394    0.670123    0.724925  0.00243908
        1395      0.6729    0.724887  0.00243762
        1396    0.680733    0.724856  0.00243608
        1397    0.734328    0.724863  0.00243434
        1398    0.723267    0.724861   0.0024326
        1399    0.740294    0.724872  0.00243089
        1400    0.742236    0.724885  0.00242918
        1401    0.714086    0.724877  0.00242746
        1402    0.701288     0.72486  0.00242579
        1403    0.703372    0.724845  0.00242411
        1404    0.705301    0.724831  0.00242242
        1405    0.683529    0.724802  0.00242088
        1406    0.667754    0.724761   0.0024195
        1407    0.675696    0.724726  0.00241803
        1408    0.725068    0.724726  0.00241631
        1409    0.743529     0.72474  0.00241463
        1410    0.734489    0.724747  0.00241293
        1411    0.724149    0.724746  0.00241122
        1412    0.746455    0.724762  0.00240956
        1413    0.741746    0.724774  0.00240788
        1414    0.732828    0.724779  0.00240619
        1415    0.703628    0.724764  0.00240453
        1416    0.708535    0.724753  0.00240286
        1417    0.688381    0.724727  0.00240131
        1418    0.679588    0.724695  0.00239982
        1419     0.68058    0.724664  0.00239833
        1420    0.681286    0.724634  0.00239684
        1421    0.676027      0.7246   0.0023954
        1422    0.705937    0.724587  0.00239375
        1423     0.71374    0.724579  0.00239208
        1424    0.708627    0.724568  0.00239042
        1425    0.775119    0.724603  0.00238901
        1426     0.74375    0.724617  0.00238737
        1427    0.765896    0.724646  0.00238587
        1428    0.753509    0.724666  0.00238429
        1429    0.698442    0.724647  0.00238269
        1430    0.685047     0.72462  0.00238119
        1431    0.681408    0.724589  0.00237971
        1432    0.685103    0.724562  0.00237821
        1433    0.682781    0.724533  0.00237673
        1434    0.688448    0.724508  0.00237521
        1435    0.715077    0.724501  0.00237356
        1436    0.721483    0.724499  0.00237191
        1437    0.755952    0.724521  0.00237036
        1438    0.789049    0.724566  0.00236913
        1439    0.759253     0.72459  0.00236761
        1440    0.810011    0.724649  0.00236671
        1441    0.766123    0.724678  0.00236524
        1442    0.750607    0.724696  0.00236367
        1443    0.743974    0.724709  0.00236207
        1444    0.734399    0.724716  0.00236044
        1445    0.702141      0.7247  0.00235886
        1446    0.734117    0.724707  0.00235724
        1447    0.742159    0.724719  0.00235564
        1448    0.725909     0.72472  0.00235401
        1449    0.767408    0.724749  0.00235257
        1450    0.748439    0.724766  0.00235101
        1451    0.746901    0.724781  0.00234944
        1452    0.737312    0.724789  0.00234784
        1453    0.732524    0.724795  0.00234623
        1454    0.696304    0.724775  0.00234469
        1455    0.681706    0.724746  0.00234327
        1456    0.681185    0.724716  0.00234185
        1457    0.667372    0.724676  0.00234057
        1458    0.651081    0.724626  0.00233951
        1459    0.677958    0.724594  0.00233813
        1460    0.664115    0.724552  0.00233689
        1461    0.633117     0.72449  0.00233613
        1462    0.662364    0.724447  0.00233492
        1463    0.641278     0.72439  0.00233402
        1464    0.660226    0.724347  0.00233283
        1465    0.638751    0.724288  0.00233197
        1466    0.619737    0.724217  0.00233147
        1467    0.636208    0.724157  0.00233066
        1468    0.688422    0.724133  0.00232919
        1469    0.733564    0.724139  0.00232762
        1470    0.720593    0.724137  0.00232604
        1471    0.775021    0.724171  0.00232471
        1472    0.777423    0.724207  0.00232341
        1473    0.798624    0.724258  0.00232239
        1474    0.779359    0.724295  0.00232111
        1475    0.755791    0.724317  0.00231964
        1476    0.752519    0.724336  0.00231814
        1477    0.713587    0.724328  0.00231658
        1478    0.749209    0.724345  0.00231508
        1479    0.752734    0.724364  0.00231359
        1480     0.71379    0.724357  0.00231204
        1481    0.735065    0.724365  0.00231049
        1482    0.714959    0.724358  0.00230894
        1483    0.703672    0.724344  0.00230743
        1484    0.724021    0.724344  0.00230587
        1485    0.734362    0.724351  0.00230433
        1486    0.644285    0.724297  0.00230341
        1487    0.692202    0.724275  0.00230196
        1488    0.717046     0.72427  0.00230042
        1489    0.675369    0.724238  0.00229911
        1490    0.715264    0.724232  0.00229757
        1491    0.704893    0.724219  0.00229607
        1492    0.696576      0.7242   0.0022946
        1493    0.729175    0.724203  0.00229307
        1494    0.736819    0.724212  0.00229155
        1495    0.746556    0.724227  0.00229007
        1496    0.755802    0.724248  0.00228863
        1497     0.72207    0.724246   0.0022871
        1498    0.704719    0.724233  0.00228561
        1499    0.705512    0.724221  0.00228412
        1500    0.718407    0.724217   0.0022826
        1501    0.712191    0.724209   0.0022811
        1502    0.710004      0.7242   0.0022796
        1503    0.730174    0.724204  0.00227808
        1504    0.736344    0.724212  0.00227658
        1505    0.728871    0.724215  0.00227507
        1506    0.759266    0.724238  0.00227368
        1507    0.732393    0.724243  0.00227218
        1508    0.778766     0.72428  0.00227096
        1509    0.736226    0.724287  0.00226947
        1510    0.739522    0.724298  0.00226799
        1511    0.757311    0.724319  0.00226659
        1512    0.772533    0.724351  0.00226532
        1513    0.751703    0.724369  0.00226389
        1514    0.773752    0.724402  0.00226263
        1515    0.737928    0.724411  0.00226116
        1516    0.759489    0.724434  0.00225978
        1517    0.780133    0.724471  0.00225859
        1518    0.720739    0.724468  0.00225711
        1519    0.740441    0.724479  0.00225564
        1520    0.772286     0.72451  0.00225438
        1521    0.732838    0.724516   0.0022529
        1522    0.729476    0.724519  0.00225143
        1523    0.727079    0.724521  0.00224995
        1524    0.731308    0.724525  0.00224848
        1525    0.746384    0.724539  0.00224705
        1526    0.714457    0.724533  0.00224559
        1527    0.691341    0.724511  0.00224422
        1528    0.762868    0.724536  0.00224289
        1529     0.78681    0.724577  0.00224179
        1530    0.736164    0.724585  0.00224034
        1531    0.781277    0.724622  0.00223918
        1532    0.730174    0.724625  0.00223773
        1533     0.75764    0.724647  0.00223637
        1534    0.762275    0.724671  0.00223505
        1535    0.714665    0.724665   0.0022336
        1536    0.740331    0.724675  0.00223217
        1537    0.723615    0.724674  0.00223072
        1538     0.69838    0.724657  0.00222933
        1539    0.709552    0.724647  0.00222791
        1540    0.691002    0.724625  0.00222657
        1541    0.727345    0.724627  0.00222512
        1542    0.695116    0.724608  0.00222376
        1543     0.72222    0.724607  0.00222232
        1544    0.694394    0.724587  0.00222097
        1545    0.716586    0.724582  0.00221954
        1546    0.715329    0.724576  0.00221811
        1547      0.7132    0.724568  0.00221669
        1548    0.691095    0.724547  0.00221536
        1549    0.707232    0.724536  0.00221396
        1550     0.71091    0.724527  0.00221255
        1551    0.708927    0.724517  0.00221114
        1552    0.698467      0.7245  0.00220978
        1553    0.720982    0.724498  0.00220836
        1554    0.693956    0.724478  0.00220703
        1555    0.682519    0.724451  0.00220577
        1556    0.693573    0.724431  0.00220444
        1557    0.702881    0.724417  0.00220307
        1558    0.716988    0.724413  0.00220166
        1559    0.685187    0.724388  0.00220039
        1560    0.696673     0.72437  0.00219906
        1561    0.696702    0.724352  0.00219772
        1562    0.698182    0.724335  0.00219638
        1563    0.728146    0.724338  0.00219497
        1564    0.745769    0.724351  0.00219361
        1565    0.723278    0.724351  0.00219221
        1566    0.757798    0.724372  0.00219091
        1567    0.705043     0.72436  0.00218955
        1568     0.74703    0.724374   0.0021882
        1569    0.744448    0.724387  0.00218684
        1570    0.717768    0.724383  0.00218546
        1571    0.721595    0.724381  0.00218406
        1572    0.733552    0.724387  0.00218268
        1573    0.725609    0.724388   0.0021813
        1574     0.71001    0.724379  0.00217993
        1575    0.714088    0.724372  0.00217855
        1576    0.721919     0.72437  0.00217717
        1577    0.733911    0.724376   0.0021758
        1578    0.702205    0.724362  0.00217447
        1579    0.721584    0.724361  0.00217309
        1580    0.739539     0.72437  0.00217174
        1581    0.716775    0.724365  0.00217037
        1582    0.700912    0.724351  0.00216905
        1583    0.686181    0.724327  0.00216781
        1584    0.648651    0.724279  0.00216697
        1585    0.658095    0.724237    0.002166
        1586    0.645122    0.724187  0.00216521
        1587    0.676352    0.724157  0.00216406
        1588    0.660429    0.724117  0.00216307
        1589    0.672995    0.724085  0.00216195
        1590    0.715468    0.724079  0.00216059
        1591    0.743964    0.724092  0.00215927
        1592    0.753731     0.72411  0.00215799
        1593    0.775193    0.724142  0.00215688
        1594    0.790086    0.724184  0.00215592
        1595    0.771206    0.724213  0.00215477
        1596    0.776529    0.724246  0.00215367
        1597    0.735282    0.724253  0.00215233
        1598    0.723117    0.724252  0.00215099
        1599    0.702717    0.724239  0.00214968
        1600    0.689192    0.724217  0.00214845
        1601    0.711547    0.724209  0.00214712
        1602    0.710538      0.7242   0.0021458
        1603    0.717842    0.724196  0.00214447
        1604    0.724042    0.724196  0.00214313
        1605    0.703152    0.724183  0.00214183
        1606    0.692556    0.724164  0.00214059
        1607    0.637184    0.724109  0.00213994
        1608    0.655952    0.724067  0.00213903
        1609    0.667219    0.724032  0.00213799
        1610    0.635225    0.723977  0.00213738
        1611    0.639464    0.723924  0.00213669
        1612    0.639639    0.723872  0.00213601
        1613     0.65175    0.723827  0.00213515
        1614    0.655436    0.723785  0.00213425
        1615    0.683023    0.723759  0.00213308
        1616    0.655557    0.723717  0.00213217
        1617    0.693643    0.723699  0.00213094
        1618    0.651422    0.723654  0.00213009
        1619     0.64887    0.723608  0.00212927
        1620    0.675637    0.723578  0.00212817
        1621    0.689867    0.723557  0.00212695
        1622    0.683917    0.723533  0.00212578
        1623    0.673937    0.723502  0.00212469
        1624    0.661076    0.723464  0.00212373
        1625    0.709673    0.723455  0.00212244
        1626    0.730165     0.72346  0.00212114
        1627    0.703198    0.723447  0.00211987
        1628    0.705217    0.723436   0.0021186
        1629    0.717983    0.723433   0.0021173
        1630    0.784406     0.72347  0.00211633
        1631     0.77551    0.723502  0.00211528
        1632     0.78279    0.723538  0.00211429
        1633    0.771816    0.723568  0.00211321
        1634    0.729941    0.723572  0.00211192
        1635    0.752735     0.72359   0.0021107
        1636    0.736746    0.723598  0.00210942
        1637    0.741159    0.723608  0.00210816
        1638    0.787151    0.723647  0.00210723
        1639    0.765539    0.723673   0.0021061
        1640    0.816335    0.723729  0.00210558
        1641    0.781059    0.723764  0.00210458
        1642    0.763713    0.723788  0.00210344
        1643    0.774686    0.723819  0.00210239
        1644    0.759532    0.723841  0.00210122
        1645    0.723831    0.723841  0.00209995
        1646    0.701794    0.723828  0.00209871
        1647    0.672335    0.723796  0.00209767
        1648     0.66042    0.723758  0.00209675
        1649    0.677418     0.72373  0.00209567
        1650    0.711996    0.723723  0.00209441
        1651    0.713503    0.723717  0.00209315
        1652    0.744323    0.723729  0.00209192
        1653    0.762697    0.723753  0.00209079
        1654    0.782372    0.723788  0.00208982
        1655      0.7691    0.723815  0.00208874
        1656    0.753912    0.723834  0.00208756
        1657    0.755053    0.723853  0.00208638
        1658    0.754787    0.723871  0.00208521
        1659    0.761465    0.723894  0.00208407
        1660    0.749242    0.723909  0.00208288
        1661    0.787862    0.723948  0.00208198
        1662    0.744407     0.72396  0.00208076
        1663     0.72733    0.723962  0.00207951
        1664     0.72873    0.723965  0.00207826
        1665    0.694758    0.723947  0.00207709
        1666    0.707259    0.723937  0.00207587
        1667    0.697825    0.723922  0.00207468
        1668    0.695654    0.723905  0.00207351
        1669    0.688739    0.723884  0.00207237
        1670    0.672767    0.723853  0.00207135
        1671    0.698163    0.723838  0.00207017
        1672     0.69587    0.723821    0.002069
        1673    0.634861    0.723768  0.00206845
        1674     0.61664    0.723704   0.0020682
        1675    0.635313    0.723651  0.00206764
        1676    0.588462     0.72357  0.00206798
        1677     0.59734    0.723495  0.00206812
        1678    0.566407    0.723401    0.002069
        1679    0.606133    0.723332  0.00206895
        1680    0.651346    0.723289  0.00206816
        1681    0.661959    0.723252  0.00206725
        1682    0.659545    0.723214  0.00206637
        1683    0.688541    0.723194  0.00206524
        1684    0.720918    0.723192  0.00206402
        1685    0.724431    0.723193  0.00206279
        1686      0.7596    0.723215  0.00206168
        1687    0.746014    0.723228   0.0020605
        1688     0.76619    0.723254  0.00205944
        1689    0.740936    0.723264  0.00205825
        1690    0.725098    0.723265  0.00205703
        1691    0.720809    0.723264  0.00205582
        1692    0.697858    0.723249  0.00205466
        1693    0.669307    0.723217  0.00205369
        1694    0.633951    0.723164  0.00205315
        1695    0.640555    0.723115  0.00205252
        1696    0.647354    0.723071  0.00205179
        1697    0.648098    0.723027  0.00205106
        1698    0.641663    0.722979  0.00205041
        1699    0.671271    0.722948  0.00204943
        1700    0.643841    0.722902  0.00204875
        1701    0.650584    0.722859  0.00204799
        1702    0.620596    0.722799  0.00204767
        1703    0.642197    0.722752  0.00204701
        1704     0.65398    0.722711  0.00204621
        1705    0.654305    0.722671   0.0020454
        1706    0.601231      0.7226  0.00204544
        1707    0.615219    0.722537  0.00204521
        1708    0.604404    0.722468  0.00204518
        1709    0.590472    0.722391  0.00204544
        1710    0.619518    0.722331  0.00204513
        1711    0.621875    0.722272  0.00204478
        1712    0.647634    0.722228  0.00204405
        1713    0.646522    0.722184  0.00204334
        1714    0.626693    0.722128   0.0020429
        1715    0.663885    0.722094  0.00204199
        1716    0.674002    0.722066    0.002041
        1717    0.666542    0.722034  0.00204006
        1718    0.653959    0.721994  0.00203926
        1719    0.655167    0.721956  0.00203844
        1720     0.67492    0.721928  0.00203744
        1721    0.676201    0.721902  0.00203643
        1722    0.655914    0.721863  0.00203561
        1723    0.661585    0.721828  0.00203473
        1724    0.683675    0.721806  0.00203367
        1725    0.701483    0.721794  0.00203252
        1726    0.710752    0.721788  0.00203136
        1727     0.70282    0.721777  0.00203021
        1728    0.712431    0.721772  0.00202904
        1729    0.703386    0.721761   0.0020279
        1730    0.717296    0.721758  0.00202673
        1731    0.688391    0.721739  0.00202565
        1732    0.667348    0.721708  0.00202472
        1733    0.693675    0.721692  0.00202362
        1734    0.646468    0.721648  0.00202292
        1735    0.656056     0.72161   0.0020221
        1736    0.649496    0.721569  0.00202136
        1737    0.657427    0.721532  0.00202054
        1738    0.649118     0.72149  0.00201981
        1739    0.697867    0.721477  0.00201869
        1740    0.741439    0.721488  0.00201756
        1741    0.766804    0.721514  0.00201657
        1742    0.800307    0.721559  0.00201592
        1743    0.780973    0.721594  0.00201505
        1744    0.779991    0.721627  0.00201417
        1745    0.770612    0.721655  0.00201322
        1746    0.751237    0.721672  0.00201213
        1747    0.679007    0.721648  0.00201113
        1748    0.694102    0.721632  0.00201004
        1749     0.67371    0.721604  0.00200908
        1750     0.69981    0.721592  0.00200797
        1751    0.701805    0.721581  0.00200686
        1752    0.708057    0.721573  0.00200572
        1753    0.705267    0.721564   0.0020046
        1754    0.719329    0.721562  0.00200346
        1755     0.71758     0.72156  0.00200232
        1756    0.720118    0.721559  0.00200118
        1757    0.711179    0.721553  0.00200005
        1758     0.70113    0.721542  0.00199895
        1759    0.724531    0.721543  0.00199781
        1760    0.676091    0.721518  0.00199684
        1761    0.682567    0.721496  0.00199583
        1762    0.679513    0.721472  0.00199484
        1763    0.661951    0.721438  0.00199399
        1764    0.643309    0.721394  0.00199335
        1765    0.647371    0.721352  0.00199267
        1766     0.61087    0.721289  0.00199252
        1767    0.636119    0.721241  0.00199198
        1768    0.704425    0.721231  0.00199087
        1769    0.695213    0.721217   0.0019898
        1770    0.722309    0.721217  0.00198868
        1771    0.712946    0.721213  0.00198756
        1772    0.713589    0.721208  0.00198644
        1773     0.69698    0.721195  0.00198537
        1774    0.727915    0.721199  0.00198425
        1775    0.750625    0.721215   0.0019832
        1776    0.773385    0.721244  0.00198231
        1777    0.744617    0.721258  0.00198123
        1778    0.750348    0.721274  0.00198019
        1779    0.710523    0.721268  0.00197908
        1780    0.721687    0.721268  0.00197797
        1781     0.72383     0.72127  0.00197686
        1782    0.706405    0.721261  0.00197577
        1783     0.69965    0.721249   0.0019747
        1784    0.723441     0.72125  0.00197359
        1785    0.742687    0.721262  0.00197252
        1786    0.736277    0.721271  0.00197144
        1787     0.71883    0.721269  0.00197033
        1788    0.720813    0.721269  0.00196923
        1789    0.725079    0.721271  0.00196813
        1790    0.723958    0.721273  0.00196703
        1791    0.735167    0.721281  0.00196595
        1792    0.719244    0.721279  0.00196485
        1793    0.748316    0.721295  0.00196381
        1794    0.731935      0.7213  0.00196273
        1795    0.778768    0.721332   0.0019619
        1796    0.788168     0.72137  0.00196116
        1797    0.761156    0.721392  0.00196019
        1798    0.752896    0.721409  0.00195918
        1799    0.763752    0.721433  0.00195823
        1800      0.7349     0.72144  0.00195716
        1801     0.73824     0.72145  0.00195609
        1802    0.718046    0.721448  0.00195501
        1803    0.693086    0.721432  0.00195399
        1804    0.671679    0.721404   0.0019531
        1805    0.659093     0.72137  0.00195232
        1806    0.642084    0.721326  0.00195173
        1807    0.657141    0.721291  0.00195098
        1808    0.649121    0.721251  0.00195031
        1809     0.61384    0.721191  0.00195013
        1810    0.581043    0.721114  0.00195059
        1811    0.611474    0.721053  0.00195045
        1812    0.599796    0.720986  0.00195053
        1813    0.625648    0.720934  0.00195016
        1814    0.613218    0.720874  0.00194999
        1815    0.622966     0.72082  0.00194966
        1816    0.622492    0.720766  0.00194934
        1817    0.642668    0.720723  0.00194874
        1818    0.664557    0.720692  0.00194791
        1819    0.663307    0.720661   0.0019471
        1820    0.661389    0.720628   0.0019463
        1821    0.675779    0.720604  0.00194538
        1822    0.699173    0.720592  0.00194435
        1823    0.679413    0.720569  0.00194342
        1824    0.641127    0.720526  0.00194284
        1825    0.665127    0.720495  0.00194201
        1826    0.651203    0.720457  0.00194132
        1827     0.65942    0.720424  0.00194054
        1828    0.666692    0.720395  0.00193971
        1829    0.696631    0.720382  0.00193869
        1830    0.699478     0.72037  0.00193766
        1831    0.693221    0.720355  0.00193666
        1832    0.670056    0.720328   0.0019358
        1833    0.666382    0.720299  0.00193497
        1834    0.674868    0.720274  0.00193407
        1835     0.66789    0.720245  0.00193323
        1836    0.647494    0.720206  0.00193258
        1837    0.692984    0.720191  0.00193158
        1838    0.717077    0.720189  0.00193053
        1839     0.69698    0.720176  0.00192953
        1840    0.712623    0.720172  0.00192848
        1841    0.752985     0.72019  0.00192752
        1842    0.727015    0.720194  0.00192647
        1843    0.665841    0.720164  0.00192565
        1844    0.688443    0.720147  0.00192469
        1845    0.684979    0.720128  0.00192374
        1846    0.696454    0.720115  0.00192274
        1847    0.660537    0.720083  0.00192197
        1848    0.665164    0.720053  0.00192116
        1849    0.693495    0.720039  0.00192017
        1850    0.735416    0.720047  0.00191915
        1851      0.7084    0.720041  0.00191813
        1852    0.770496    0.720068  0.00191728
        1853    0.730182    0.720074  0.00191626
        1854    0.792557    0.720113  0.00191562
        1855    0.763815    0.720136  0.00191473
        1856    0.755921    0.720156   0.0019138
        1857    0.754685    0.720174  0.00191286
        1858    0.720734    0.720175  0.00191183
        1859    0.706985    0.720167  0.00191081
        1860    0.708153    0.720161   0.0019098
        1861    0.664768    0.720131    0.001909
        1862    0.676245    0.720108  0.00190812
        1863    0.706857    0.720101  0.00190711
        1864    0.749613    0.720116  0.00190616
        1865    0.737603    0.720126  0.00190516
        1866    0.717465    0.720124  0.00190414
        1867    0.699782    0.720113  0.00190315
        1868    0.664829    0.720084  0.00190236
        1869    0.649483    0.720046  0.00190172
        1870    0.645254    0.720006  0.00190112
        1871    0.669838    0.719979  0.00190029
        1872    0.683235     0.71996  0.00189938
        1873    0.681685    0.719939  0.00189847
        1874    0.699696    0.719928  0.00189749
        1875    0.692771    0.719914  0.00189654
        1876    0.706019    0.719906  0.00189554
        1877     0.70599    0.719899  0.00189454
        1878    0.697963    0.719887  0.00189357
        1879    0.694673    0.719874  0.00189261
        1880     0.64315    0.719833  0.00189204
        1881    0.635068    0.719788  0.00189157
        1882    0.654743    0.719754  0.00189088
        1883    0.665811    0.719725   0.0018901
        1884    0.655864    0.719691   0.0018894
        1885    0.692849    0.719677  0.00188845
        1886    0.726858    0.719681  0.00188745
        1887    0.757266      0.7197  0.00188656
        1888    0.772351    0.719728  0.00188576
        1889    0.754621    0.719747  0.00188486
        1890    0.783643    0.719781  0.00188416
        1891    0.834972    0.719842  0.00188415
        1892    0.798035    0.719883  0.00188361
        1893    0.767525    0.719908  0.00188278
        1894    0.752784    0.719925  0.00188187
        1895    0.745444    0.719939  0.00188092
        1896    0.739088    0.719949  0.00187996
        1897    0.750472    0.719965  0.00187903
        1898    0.709796     0.71996  0.00187805
        1899    0.676618    0.719937   0.0018772
        1900    0.700965    0.719927  0.00187624
        1901     0.70066    0.719917  0.00187528
        1902    0.734728    0.719925  0.00187431
        1903    0.731529    0.719931  0.00187334
        1904    0.742528    0.719943  0.00187239
        1905    0.702721    0.719933  0.00187143
        1906    0.718347    0.719933  0.00187045
        1907    0.723745    0.719935  0.00186947
        1908    0.713387    0.719931  0.00186849
        1909    0.695954    0.719919  0.00186755
        1910    0.690965    0.719903  0.00186664
        1911    0.739525    0.719914  0.00186569
        1912    0.755378    0.719932  0.00186481
        1913    0.763775    0.719955  0.00186397
        1914    0.778022    0.719986  0.00186324
        1915     0.80479     0.72003   0.0018628
        1916    0.772146    0.720057  0.00186202
        1917    0.754688    0.720075  0.00186114
        1918    0.732123    0.720081  0.00186018
        1919    0.735681     0.72009  0.00185923
        1920    0.711365    0.720085  0.00185827
        1921    0.682848    0.720066   0.0018574
        1922    0.684654    0.720047  0.00185653
        1923    0.686539     0.72003  0.00185564
        1924    0.720812     0.72003  0.00185468
        1925    0.664943    0.720002  0.00185393
        1926    0.749013    0.720017  0.00185303
        1927    0.738959    0.720026   0.0018521
        1928    0.757633    0.720046  0.00185124
        1929    0.757557    0.720065  0.00185038
        1930    0.775129    0.720094  0.00184964
        1931    0.762898    0.720116  0.00184882
        1932    0.753081    0.720133  0.00184794
        1933    0.772824     0.72016  0.00184718
        1934    0.808737    0.720206   0.0018468
        1935    0.768187    0.720231  0.00184601
        1936     0.74588    0.720244   0.0018451
        1937    0.751196     0.72026  0.00184422
        1938    0.734362    0.720267  0.00184328
        1939    0.727012    0.720271  0.00184234
        1940    0.707361    0.720264   0.0018414
        1941    0.672636     0.72024  0.00184061
        1942     0.70297    0.720231  0.00183969
        1943    0.739942    0.720241  0.00183877
        1944    0.747416    0.720255  0.00183787
        1945    0.707159    0.720248  0.00183694
        1946    0.765457    0.720272  0.00183615
        1947    0.748785    0.720286  0.00183526
        1948    0.724594    0.720288  0.00183432
        1949     0.73927    0.720298   0.0018334
        1950     0.73697    0.720307  0.00183248
        1951    0.728818    0.720311  0.00183155
        1952    0.717489     0.72031  0.00183061
        1953    0.720629     0.72031  0.00182968
        1954     0.73931    0.720319  0.00182876
        1955    0.711309    0.720315  0.00182783
        1956    0.697165    0.720303  0.00182694
        1957    0.751827    0.720319  0.00182608
        1958    0.762095     0.72034  0.00182527
        1959    0.760674    0.720361  0.00182445
        1960    0.784127    0.720394  0.00182381
        1961    0.799612    0.720434  0.00182333
        1962    0.739841    0.720444  0.00182243
        1963     0.74647    0.720457  0.00182155
        1964    0.716937    0.720455  0.00182062
        1965    0.677617    0.720434  0.00181982
        1966    0.699812    0.720423  0.00181893
        1967    0.688998    0.720407  0.00181807
        1968    0.702842    0.720398  0.00181717
        1969    0.727878    0.720402  0.00181625
        1970    0.746233    0.720415  0.00181538
        1971    0.781406    0.720446  0.00181472
        1972    0.790354    0.720481  0.00181415
        1973    0.768504    0.720506  0.00181339
        1974    0.784494    0.720538  0.00181276
        1975    0.812292    0.720585  0.00181244
        1976    0.773322    0.720611  0.00181172
        1977     0.73056    0.720616  0.00181081
        1978    0.741941    0.720627  0.00180993
        1979    0.764253    0.720649  0.00180915
        1980    0.765009    0.720672  0.00180837
        1981    0.721452    0.720672  0.00180746
        1982    0.739739    0.720682  0.00180657
        1983      0.7204    0.720681  0.00180566
        1984    0.724929    0.720684  0.00180475
        1985    0.735606    0.720691  0.00180386
        1986    0.726064    0.720694  0.00180295
        1987    0.732893      0.7207  0.00180205
        1988    0.712179    0.720696  0.00180115
        1989    0.738993    0.720705  0.00180027
        1990    0.710458      0.7207  0.00179937
        1991    0.727111    0.720703  0.00179847
        1992     0.69872    0.720692   0.0017976
        1993    0.719516    0.720691   0.0017967
        1994    0.706834    0.720684  0.00179581
        1995    0.712145     0.72068  0.00179492
        1996    0.701039     0.72067  0.00179405
        1997    0.760682     0.72069  0.00179326
        1998    0.764472    0.720712   0.0017925
        1999      0.7597    0.720732  0.00179171
        2000      0.7776     0.72076  0.00179104
