x y z
0.538909 0.523221 0.660164
-0.120029 -0.933581 0.337669
-0.979412 0.141811 -0.143669
-0.156346 -0.538513 0.827986
-0.325766 -0.486013 -0.810967
-0.511283 0.534305 -0.673133
0.0468738 -0.283841 0.957725
0.485771 0.861996 -0.144877
-0.181876 0.979035 -0.0917158
0.980245 0.106984 -0.166357
0.79057 0.340006 -0.509307
0.0834236 0.785343 0.613414
-0.858151 0.0365453 -0.512095
-0.991356 0.130697 0.0114806
-0.0423018 0.852224 0.521464
-0.97004 0.17372 -0.169834
-0.732865 -0.661066 -0.160937
0.632356 0.368386 0.681482
0.783569 -0.357563 -0.508103
-0.307838 -0.0035935 0.951432
-0.377744 -0.888275 0.261299
-0.473827 -0.669301 0.572297
-0.258896 -0.535954 0.803571
0.676153 0.642667 -0.360274
-0.648477 -0.342147 -0.68001
0.941457 0.324057 0.092985
0.0335914 -0.338035 -0.940534
0.0218978 0.144784 -0.989221
0.414969 -0.232033 -0.879751
0.102806 -0.244771 0.964115
0.300102 0.335286 0.893041
-0.143558 -0.613614 0.776446
0.975319 -0.0892575 0.201956
-0.123602 0.858746 0.49727
-0.874397 -0.213706 0.435615
-0.151949 0.0177138 0.98823
0.058239 0.258396 0.964282
0.749641 0.654691 -0.0970442
-0.0394001 0.693844 0.719047
0.560127 -0.394919 0.728215
0.0488789 0.746662 -0.663405
-0.0074211 -0.960487 -0.278225
0.220725 0.697441 0.681804
-0.222769 -0.436746 0.871566
-0.758657 0.55184 0.346283
0.94614 -0.0806892 0.313542
-0.307991 0.128966 0.942608
0.565267 -0.823208 -0.0529277
-0.627692 -0.324922 -0.707409
-0.214686 -0.685078 -0.696116
-0.091198 0.478984 -0.873074
0.502133 -0.156967 -0.850425
0.669302 -0.613465 0.41916
0.041832 -0.205742 0.977712
0.334032 -0.605561 -0.722301
-0.0503169 -0.701945 0.710452
-0.0459056 0.699248 -0.713404
-0.541538 -0.167719 0.823776
-0.82488 -0.508369 -0.247255
-0.128172 -0.436938 -0.890313
-0.465044 0.716409 -0.520089
0.944492 0.238813 -0.225619
0.229578 0.973262 0.00742792
0.0922137 -0.148375 -0.984622
0.502282 0.186447 0.844364
0.449012 0.272871 -0.850841
0.166499 -0.600344 0.782218
-0.439037 0.63452 -0.636106
-0.454745 0.174971 -0.873265
0.373761 -0.217417 0.901683
0.783194 0.417336 0.460909
0.76483 -0.538419 -0.353751
0.430309 -0.854059 -0.292264
0.335541 0.80909 0.482479
0.62898 0.24942 0.736325
0.966673 0.0788913 0.243555
0.171676 0.241076 -0.955201
0.380598 -0.759127 -0.528083
0.620952 -0.0216596 -0.783549
-0.845727 0.297233 -0.443168
-0.704222 -0.500958 0.503103
0.0519164 -0.993506 0.101248
-0.631771 0.0166387 -0.774976
-0.449423 0.550261 0.703727
0.243901 -0.866115 0.436299
0.359475 -0.924043 -0.130085
-0.312454 -0.927921 -0.203309
-0.0450844 -0.955076 -0.292913
0.949741 0.000388382 -0.313035
-0.272312 0.908184 -0.317879
-0.685435 -0.679351 -0.262032
0.601799 0.500513 -0.622353
-0.382636 0.249513 -0.889569
-0.151282 -0.661495 -0.734532
0.585934 -0.520264 0.621295
0.852665 -0.165798 0.495453
-0.343612 0.607935 -0.715783
0.12983 -0.414641 -0.900676
-0.525823 -0.482362 0.700598
-0.879933 -0.218301 0.421976
-0.93787 -0.241771 0.248891
-0.386125 -0.633586 0.67043
0.0755623 0.168189 0.982854
-0.334742 0.16798 0.927217
0.0910601 0.34335 0.934783
-0.373329 0.717483 0.588085
-0.994975 -0.0792026 0.0612469
-0.970482 -0.124503 -0.206551
0.936304 0.323177 -0.137449
0.30004 -0.207344 0.93112
-0.25948 0.947193 -0.1884
0.109855 0.743552 0.659592
0.573411 0.295227 0.764225
0.981018 0.103996 0.163671
0.650903 0.686013 -0.325132
-0.452579 0.661905 0.59754
0.273699 0.115044 0.95491
-0.939345 -0.339786 0.0466573
0.000943039 -0.104214 0.994554
-0.272028 0.223944 -0.935869
-0.784352 0.178915 0.593954
0.41902 -0.888581 0.18667
0.607437 -0.264546 0.749024
0.489938 -0.192556 -0.850225
-0.631661 -0.500499 -0.592034
-0.145969 0.587222 -0.796155
-0.407296 0.913177 0.0147628
-0.0717567 -0.891603 0.447097
-0.533654 0.845677 0.00666123
0.0762949 -0.996476 -0.034864
-0.725183 -0.304117 0.617756
-0.457438 -0.799 0.390319
0.63528 0.664286 -0.393883
-0.994782 0.0623371 -0.0807671
-0.867748 0.377057 -0.323793
-0.901153 -0.0407261 -0.431584
-0.475345 0.401973 0.782601
0.954413 0.0911526 0.28423
0.141243 0.983961 0.108958
-0.633585 0.716268 0.292455
-0.486273 0.318397 0.813733
0.874076 -0.364611 -0.321014
0.145966 -0.93612 -0.319957
0.599522 0.529867 0.599846
-0.786157 -0.576643 0.22235
-0.598174 -0.271524 0.753965
-0.0362199 -0.972725 -0.229117
0.29524 -0.950747 -0.0944086
0.944904 0.0588874 0.322006
-0.863305 -0.190921 0.467176
-0.327544 0.927099 -0.182218
0.905954 -0.25624 -0.33703
0.490045 -0.00741225 0.871666
0.206674 -0.969149 -0.134297
-0.802586 0.553126 0.2234
0.357888 0.646869 0.673406
0.654098 -0.653611 0.38072
0.562218 0.7083 -0.426873
0.660159 -0.599181 -0.452959
-0.456805 -0.885237 0.0876588
0.331047 -0.437742 -0.835936
-0.503235 -0.571698 0.648009
-0.365898 0.238249 0.899642
0.670831 -0.663032 -0.332227
0.234373 0.281326 0.930551
0.350548 0.0965071 -0.931559
0.563929 -0.775262 -0.284522
0.31411 -0.786593 0.531607
-0.0867668 0.863543 0.496754
0.820013 -0.540762 -0.187499
0.721169 0.532062 0.443649
0.53275 0.756624 0.379074
0.144106 -0.509258 -0.848463
0.684833 0.317953 -0.655675
-0.515479 -0.303272 -0.801441
0.0192529 0.438728 -0.898414
-0.605097 0.282216 -0.744454
0.401106 0.566711 -0.71969
-0.037101 -0.238831 -0.970352
0.202857 -0.933253 -0.296457
-0.184397 0.970284 -0.156673
0.424088 -0.0993564 -0.900154
-0.974179 -0.0631741 0.216758
-0.461117 0.80044 -0.382972
-0.694147 0.185019 -0.695649
-0.364767 -0.930879 -0.0202153
0.881333 -0.453854 -0.13141
-0.617766 -0.167812 0.768248
-0.66204 -0.66422 -0.347152
0.55136 -0.0998822 -0.828267
-0.424982 -0.0740144 -0.902171
0.189924 0.502543 -0.843433
0.666882 0.508089 -0.545082
-0.559818 0.192032 0.806057
-0.186858 -0.967991 0.167563
-0.970193 -0.0616938 0.23435
0.100807 0.540949 -0.834992
0.0726561 0.799414 0.596371
-0.541129 0.80299 0.249774
0.234505 -0.0234729 -0.971831
0.0497109 0.821809 -0.56759
0.645618 -0.427033 0.633103
0.211556 0.550311 0.807714
0.934501 -0.21884 -0.280744
0.525132 -0.841348 -0.127943
0.952007 0.0831001 0.294581
-0.387042 -0.915462 0.110122
-0.44368 -0.843242 0.303465
-0.49629 0.164351 0.852458
0.95712 -0.10773 0.268917
-0.0961256 -0.0576029 -0.993701
0.980157 -0.197032 -0.0217056
0.999189 -0.0153188 0.0372403
-0.0772921 0.633541 0.769839
0.344017 -0.425223 0.837161
0.645605 0.761547 0.0569258
-0.643439 -0.244739 0.72532
0.840898 0.482855 0.244421
0.564439 0.29358 -0.771504
-0.558841 0.65119 -0.513466
-0.105283 0.877241 0.468363
-0.308956 -0.530382 -0.789456
-0.557007 -0.65646 0.508727
0.771517 0.320615 -0.549516
-0.999184 0.0403 0.00275237
0.335148 0.659095 -0.673253
0.660192 -0.431772 0.614588
-0.202503 0.977356 0.0613795
-0.642991 -0.734522 0.216888
-0.919404 -0.0703989 0.386964
0.904162 -0.133487 -0.405798
-0.976958 -0.0850632 -0.195746
-0.198453 0.702703 0.683246
0.693026 0.628859 -0.352493
0.587699 0.786895 0.188164
0.4438 -0.329273 -0.833439
-0.62321 0.0199408 -0.7818
-0.256314 -0.629528 0.733483
-0.879688 0.0981602 0.465309
-0.679751 -0.703904 -0.206052
-0.683455 -0.72994 -0.00877704
0.685298 0.30061 -0.663325
0.138232 -0.984167 0.110938
-0.87282 -0.157715 -0.461856
-0.856631 0.503772 -0.111345
0.801985 0.597306 0.00677988
0.492589 0.821007 -0.288625
-0.39003 0.916929 -0.0843614
-0.172571 -0.490548 -0.854156
0.0703383 0.830398 0.552713
-0.361693 0.898198 0.249836
0.226685 -0.94719 -0.226815
0.0305547 0.71832 0.695042
-0.291198 -0.952472 -0.0894442
-0.851945 0.523052 0.0246403
-0.597645 0.48089 -0.641533
0.233493 -0.600256 -0.764966
0.37523 -0.905 -0.200441
0.193638 -0.926742 0.321953
0.791867 -0.31751 0.521664
-0.496171 -0.819096 -0.287918
-0.787424 -0.611527 0.0774418
-0.282903 -0.76488 -0.578726
0.72694 0.376858 -0.574053
-0.839318 -0.460057 -0.289645
-0.205893 0.883332 0.42111
0.292248 0.36722 0.883029
0.740478 0.667575 -0.0776911
0.229278 -0.530007 -0.81641
-0.349181 0.490039 0.798708
0.754196 -0.336786 0.563705
0.146935 0.748656 0.646471
0.999826 0.00326435 0.0183664
0.972275 0.166871 0.163816
0.805536 -0.143285 -0.574962
-0.347794 -0.164994 0.922939
0.406138 0.174075 -0.897079
0.245951 -0.37832 0.892402
0.914734 0.400939 -0.0501042
0.094569 0.953447 -0.28635
-0.318782 0.940711 -0.115933
-0.602967 0.738402 -0.301984
-0.359995 -0.387767 0.848552
-0.748786 -0.650732 0.125962
-0.546418 -0.123664 0.828332
0.982094 0.159321 0.100538
-0.129704 -0.955536 -0.264816
0.634301 0.48394 -0.60288
0.59062 -0.265347 0.762075
0.141225 -0.0514835 0.988638
-0.625644 -0.52669 0.575471
-0.536836 0.269046 0.799638
-0.662703 0.00227278 0.748879
0.258302 -0.876626 0.405963
-0.893957 -0.445609 -0.0476835
-0.700586 0.565198 -0.43558
-0.99708 -0.070703 -0.0288443
0.0289257 -0.803863 -0.594111
-0.305743 0.848348 -0.432235
-0.686653 0.660253 -0.304259
0.0254012 0.17898 -0.983525
0.161079 0.926356 -0.340467
0.442476 0.890648 -0.104693
-0.40071 -0.795472 0.454594
0.800501 0.59869 0.027715
-0.798361 0.380705 0.466566
0.768792 -0.420108 -0.482148
0.910199 0.269802 0.314238
-0.634689 0.43271 -0.64026
-0.764691 -0.637825 -0.091796
0.895715 0.102165 0.432731
-0.322573 0.88178 0.344109
-0.348412 -0.630163 0.693905
-0.098515 0.417322 -0.903403
0.120715 -0.843255 -0.523783
-0.86481 -0.432156 0.255625
-0.0247742 -0.09407 0.995257
-0.892571 0.411068 -0.185312
-0.996146 -0.0862216 0.0160907
0.571489 -0.342429 0.74575
0.904837 0.340241 0.255943
0.394119 -0.866814 0.305455
-0.453431 -0.872526 0.181932
-0.675155 -0.237263 -0.698479
-0.421724 -0.630252 0.651868
-0.415681 -0.795598 -0.440719
-0.892435 -0.425906 0.148875
-0.608707 -0.335623 -0.718911
-0.516621 0.727367 -0.451708
0.455482 -0.303431 -0.836938
-0.456332 -0.619907 -0.638339
0.857679 0.49592 -0.135828
-0.366887 0.888265 -0.276369
-0.556624 -0.735903 -0.385508
-0.23958 -0.315849 -0.918063
0.696686 0.337852 -0.632838
0.624516 -0.176964 -0.760699
-0.200212 -0.139275 0.969803
-0.25881 -0.929488 0.262812
0.447066 0.775691 0.445462
0.814132 -0.124985 0.567069
0.189703 -0.957585 -0.216895
0.194223 -0.844447 -0.499186
0.460882 0.226825 0.857985
-0.288828 0.95149 -0.106042
-0.355421 -0.79615 -0.489715
0.553347 -0.471816 0.686438
0.693268 0.674467 -0.253916
-0.257566 0.123594 0.958324
-0.953375 0.281141 -0.109709
-0.181874 -0.157545 0.970619
0.238248 -0.576587 0.781528
-0.592515 0.446285 -0.670638
0.827554 -0.485731 0.28146
-0.263399 0.559986 0.785517
0.508184 0.858756 0.0654761
0.447151 -0.522684 0.725849
-0.678878 0.517991 0.520395
0.0260458 -0.426486 0.904119
0.947513 0.0663031 0.312768
-0.140917 0.611564 0.778545
0.632766 0.506477 0.585737
-0.446962 -0.0235293 0.894244
0.374951 -0.851372 -0.366849
0.804835 0.413515 -0.425729
-0.179636 -0.556831 -0.810969
-0.201565 -0.537775 0.818639
-0.451754 -0.166111 -0.876542
-0.914945 -0.140674 0.378267
0.725304 -0.298625 -0.620288
-0.818717 -0.458202 -0.346054
-0.37776 0.771426 0.512054
0.951105 0.286648 0.115028
0.936562 -0.0806305 0.341102
-0.867988 0.349675 -0.352596
0.281269 -0.597687 -0.750772
-0.144341 -0.851802 -0.503585
-0.0632 -0.635956 0.769134
-0.153581 -0.941896 -0.298737
-0.107298 -0.952373 -0.285436
-0.472149 0.0408311 -0.880573
0.00819735 -0.824796 0.565371
0.260047 0.416908 0.870956
0.895719 0.221776 -0.385362
-0.746461 0.520467 0.414621
0.98513 0.166912 0.0407384
-0.57012 -0.0971161 -0.815801
0.301583 -0.93784 0.171764
-0.135986 0.0298562 -0.990261
-0.772367 0.250284 -0.583787
0.566383 0.304694 -0.765749
-0.410498 -0.64639 -0.643172
0.454891 0.124956 0.881737
0.521294 0.844673 0.121576
-0.90822 0.192321 0.371685
-0.440529 0.40063 -0.803387
-0.123172 -0.787447 0.60395
-0.340051 0.544367 -0.766831
-0.307994 -0.933247 -0.184906
0.360638 0.197118 -0.911638
-0.462225 -0.88513 0.0537753
0.0790964 -0.761301 -0.643556
-0.0651632 0.923622 -0.377726
-0.395546 0.0121564 -0.918366
0.0512386 -0.490034 -0.870196
-0.64264 -0.682103 0.348926
0.34616 -0.505252 -0.790502
-0.432702 -0.869027 0.23992
0.503526 -0.552728 -0.664043
-0.498926 0.712014 0.494074
-0.364476 0.930943 -0.0224111
-0.365313 -0.766486 -0.528248
-0.387124 0.758823 0.523759
0.381958 -0.0313278 -0.923649
-0.864807 0.302997 -0.400376
-0.856087 -0.354003 -0.376558
-0.755522 0.12809 0.64248
0.417267 -0.879891 -0.227331
0.732021 -0.215957 0.646149
0.63422 -0.757883 0.152903
-0.47935 0.877094 0.0304752
0.42084 -0.27261 0.865204
-0.757603 -0.380846 -0.530089
0.741723 -0.188586 -0.643648
0.862132 -0.297204 -0.410363
-0.0345123 0.999394 -0.00455699
0.188956 -0.74201 0.643208
-0.604775 0.789713 -0.10296
0.938633 -0.323932 0.118471
0.981329 0.191381 0.0191481
-0.278023 -0.923875 -0.262979
-0.496465 -0.49585 -0.712499
-0.644833 -0.751778 0.137911
-0.6187 -0.616657 0.48677
-0.038126 -0.521789 0.852222
0.449076 0.893484 0.00415527
0.385405 -0.881612 -0.272439
0.735847 -0.571186 0.363698
-0.169241 -0.293784 -0.94077
0.193562 0.978903 0.0654347
0.652608 -0.731186 0.198669
0.56584 -0.804532 -0.180428
0.66715 0.709675 -0.226433
-0.520923 0.833984 0.181959
0.905764 0.40127 -0.136289
0.202158 0.945381 0.255709
-0.0896148 0.406805 -0.909109
0.92697 0.374991 -0.0103729
0.343425 0.601754 0.721076
0.850455 -0.484639 0.204578
-0.633297 -0.00921122 -0.773854
-0.160505 0.786644 -0.596179
0.0708488 0.893679 -0.443077
0.334265 0.884651 0.325054
0.508281 0.660671 -0.552417
0.533401 0.818159 -0.214707
-0.960034 -0.166287 -0.225131
-0.67317 0.4736 -0.567931
-0.420332 0.535496 -0.732506
0.617786 0.490781 -0.614389
-0.257156 -0.538827 -0.802208
0.58013 -0.47608 -0.660906
-0.520176 -0.0529551 -0.852416
0.821066 -0.360723 0.442414
0.981207 -0.127776 0.144591
0.528391 0.410318 -0.743264
-0.689716 -0.408242 0.598022
0.142108 -0.721251 -0.67794
-0.642226 -0.228529 -0.731656
-0.0277341 0.813727 0.580585
0.565961 -0.769737 0.295284
-0.859532 -0.440247 0.259591
-0.842535 0.536403 -0.0490602
0.447376 0.886754 0.116284
0.378047 -0.88083 -0.284991
0.867625 -0.141282 -0.476724
0.836171 0.182494 -0.517217
0.140922 -0.981497 0.129633
0.479556 -0.416867 0.772171
-0.782828 0.576818 0.233368
0.506913 -0.281227 0.814832
-0.368168 0.0878296 -0.925602
-0.266275 0.293831 -0.91802
-0.290199 -0.751867 0.592015
0.234989 -0.905328 0.353782
-0.401103 0.725176 -0.559675
0.230322 -0.926041 -0.298999
0.512653 0.856027 -0.0663725
-0.320346 -0.225032 -0.920184
-0.374866 0.295566 0.878701
0.767725 0.483147 -0.420913
-0.64009 0.736831 -0.217636
-0.745618 0.635674 0.199933
-0.366039 0.841513 -0.39733
-0.478135 0.75496 0.448801
-0.00824993 -0.106303 -0.9943
0.743379 0.27777 0.608467
0.102414 0.193817 -0.975677
0.0591283 -0.864076 -0.499877
-0.5221 -0.236072 -0.819562
-0.417279 -0.820833 -0.390015
-0.942958 0.0933885 -0.319544
-0.248562 -0.255545 0.934298
0.883827 0.159421 0.439812
-0.643977 -0.372249 0.668374
-0.60362 -0.355326 0.713713
-0.307038 0.705989 -0.638207
0.746122 0.133571 -0.652274
0.178539 -0.907806 0.37949
-0.504758 -0.692314 0.515675
0.152241 0.988328 0.00543371
-0.524918 -0.40526 0.748482
0.00152968 0.816995 -0.576643
0.260687 0.753688 0.603322
-0.498475 -0.355054 0.79086
0.318145 0.172067 -0.932296
0.128117 -0.329301 0.935493
-0.18621 -0.901743 0.390109
-0.502981 0.791387 -0.347443
0.495544 -0.32 -0.807487
0.478029 -0.688394 0.545528
0.0234995 0.6349 -0.772237
0.507409 -0.415708 0.7548
0.0508883 0.545829 0.83635
0.371871 -0.566841 -0.735121
0.737959 0.671682 -0.0652656
0.75162 -0.635389 -0.177054
-0.591381 0.0643943 -0.803817
0.838981 -0.09294 -0.536165
0.125055 -0.00992575 0.9921
0.700852 -0.388225 -0.598404
0.642621 0.208817 0.73718
-0.458968 0.618317 -0.637991
0.378072 0.630872 0.677541
0.917499 0.0020635 -0.397732
0.729703 0.677509 0.0922793
0.19015 0.6157 0.764694
0.484822 -0.789125 -0.377133
-0.535806 -0.336773 0.774271
0.804675 -0.485723 0.341426
-0.743136 -0.634914 0.211266
-0.597651 0.507839 0.620414
0.7473 -0.468333 -0.471389
-0.557056 0.758766 0.337583
-0.667092 0.0889925 -0.739641
0.981855 0.186992 -0.0315406
0.416701 0.618907 0.665818
0.668344 -0.161936 -0.726011
0.0775591 0.729233 -0.679856
-0.459368 0.452554 -0.764315
-0.107941 -0.583782 0.804703
0.320926 0.884186 0.339443
0.86778 -0.434806 0.240629
0.6408 0.766691 0.0395095
0.430854 0.19936 0.880125
0.0600238 -0.994504 0.0857889
-0.765818 0.61691 -0.18151
0.363317 0.582639 -0.727003
0.984168 0.0339459 0.173958
-0.925117 -0.37815 0.0340583
0.696831 0.426755 -0.57646
0.144342 0.97304 0.179883
0.213988 0.962879 0.164538
0.860141 -0.504787 0.0731341
0.392138 -0.325329 -0.860458
-0.320903 -0.918025 -0.232918
-0.0340449 -0.973542 0.225957
-0.000862392 0.765941 -0.64291
-0.579538 -0.805965 0.120649
0.554769 -0.378181 -0.741088
0.0741188 -0.384065 -0.920326
-0.320995 0.893069 -0.315262
-0.719239 -0.627431 0.298373
-0.900331 0.240229 -0.362896
-0.942387 -0.318273 -0.102998
0.604668 -0.275694 0.747241
0.921943 -0.36394 0.132547
0.481478 0.408396 0.775495
-0.36368 0.0823102 -0.92788
0.934842 0.318463 0.157007
-0.966692 -0.13631 -0.216625
-0.210678 -0.940051 0.268175
-0.151873 -0.330901 0.931364
0.935422 0.306269 -0.176591
0.966409 0.232384 -0.109781
0.477705 -0.432503 0.764682
-0.0253723 0.174299 -0.984366
0.940925 -0.338125 0.0182263
-0.0251337 -0.382544 -0.923595
-0.884723 0.0202971 0.465675
0.0790751 -0.355954 -0.931152
0.755723 0.198941 -0.623943
0.700836 -0.617048 0.357883
0.764645 -0.507347 0.397389
-0.662704 -0.545089 -0.513519
-0.410178 0.160704 -0.897735
0.708249 -0.68189 -0.182784
0.374926 -0.910771 0.172994
0.767183 -0.579153 -0.275701
0.143546 -0.563695 0.813414
0.184117 0.959566 0.21292
0.292584 0.463913 -0.836169
0.810129 -0.584985 0.0385168
0.864512 -0.412216 -0.28757
0.419295 0.828047 -0.372197
0.558742 0.754935 0.343338
-0.260624 -0.27757 0.924678
-0.0425146 -0.978227 0.203135
-0.203661 -0.537137 0.818539
-0.735181 0.489763 -0.468659
-0.953819 0.156593 -0.256335
-0.793276 0.43705 -0.423912
-0.74161 -0.274082 0.612286
0.184626 -0.742587 -0.643799
0.6551 0.192293 -0.730663
-0.269565 -0.15787 -0.949954
0.855786 0.113233 0.504786
0.142352 -0.210527 0.967168
0.85524 -0.446309 0.263388
-0.359633 0.904128 0.230689
0.181223 0.873389 -0.452051
0.775209 -0.032798 -0.630853
0.358786 0.876526 -0.320897
0.237826 -0.199511 0.950597
-0.723249 -0.152563 0.673525
-0.264446 -0.939695 0.216891
-0.419055 -0.862664 -0.283204
-0.712126 0.47366 -0.518193
0.51085 -0.831851 -0.216925
-0.0827328 -0.0457845 0.995519
0.0164266 -0.714143 0.699807
-0.440646 -0.857784 0.264646
0.615039 -0.220718 -0.756975
0.841036 0.46825 -0.270924
0.789486 0.058147 0.611008
0.562451 -0.708538 -0.426172
0.984965 0.0972067 -0.142809
0.89871 -0.318648 -0.301302
0.667984 -0.733449 0.125893
-0.052939 0.997094 -0.0547873
-0.108465 -0.992727 -0.0522317
0.036135 -0.4676 -0.883201
0.229611 0.968193 0.0993989
0.507091 0.813026 -0.286089
0.49861 0.113661 0.859342
0.891174 0.345895 0.293538
-0.674566 0.20318 0.709703
-0.390575 0.634687 0.666801
0.125866 -0.0478383 -0.990893
-0.74214 0.493665 -0.453347
0.608398 0.775937 -0.166656
0.719721 -0.366177 0.589844
-0.818534 -0.344148 -0.459961
-0.322162 0.0450085 0.945614
0.351219 0.596011 0.722091
-0.256873 -0.882957 0.392943
0.274336 -0.911109 -0.307604
0.23367 -0.970809 -0.0541204
0.818447 -0.472529 -0.326897
-0.874062 -0.0890817 -0.477577
-0.412498 0.421619 -0.807516
0.295425 -0.164394 -0.941116
-0.31753 0.377149 -0.870019
-0.848819 -0.0733582 0.523569
0.906971 -0.326384 0.266229
-0.369184 0.143362 0.918232
0.712631 -0.467067 0.523455
-0.263012 0.958838 -0.107024
-0.183762 -0.708577 -0.681286
-0.793631 0.417635 0.442415
0.811848 0.562508 0.156486
-0.969669 -0.0591486 -0.237156
-0.247233 -0.96142 -0.120612
-0.669051 0.0600093 -0.74079
0.470688 -0.682035 0.559715
-0.789065 -0.337429 -0.513341
-0.732584 0.673833 0.0962819
-0.569753 -0.808602 0.146777
-0.114122 -0.091664 0.989229
0.636211 0.756409 -0.151921
0.414915 0.900692 -0.128842
0.233593 -0.146201 0.96128
0.342943 0.932922 0.109758
0.758411 -0.235223 -0.607851
0.252606 0.706505 0.661091
-0.622554 0.694467 0.360751
-0.113086 0.793835 -0.597526
0.908663 -0.309402 0.28036
-0.244911 -0.0169014 -0.969398
0.671692 0.623378 -0.400286
-0.801163 -0.253019 -0.542328
-0.360584 0.927526 0.0983571
0.278491 -0.563208 -0.777971
-0.768996 -0.592066 -0.241046
-0.336394 -0.0284607 -0.941291
0.34681 0.916905 0.197503
-0.0480731 0.946046 0.320445
0.996975 0.0770279 -0.0103348
-0.154305 0.528699 0.834666
0.606086 -0.669925 0.428789
-0.232832 -0.972245 0.0230024
-0.68123 -0.663671 -0.308977
-0.464663 -0.479054 -0.744712
0.778983 0.335124 0.529978
0.591541 0.688962 -0.41882
-0.854902 0.518764 0.00511569
0.0577824 0.502123 0.862863
0.153691 -0.987056 -0.0458209
0.361675 0.420714 -0.83198
0.662992 0.634675 -0.397026
0.46929 0.0472862 0.881777
-0.782054 0.226981 0.580406
0.955482 0.121258 -0.268982
0.697088 0.557937 0.450305
-0.558452 0.416157 0.717596
-0.326451 -0.786662 0.524016
0.942759 -0.0750293 0.324926
0.120906 -0.376157 -0.918634
0.201009 -0.736051 -0.646394
-0.507532 -0.84524 0.167271
-0.203318 -0.0591369 0.977325
-0.293503 0.947655 -0.125721
0.469419 -0.839441 0.273834
-0.791349 -0.421953 -0.442405
-0.797135 0.509872 0.323429
0.0779457 -0.405217 0.910892
0.0410361 0.956848 0.287677
0.839715 -0.132824 -0.526533
0.347833 0.75553 0.555145
0.0563803 -0.974053 0.219183
-0.857553 0.130231 -0.497637
-0.607777 0.300118 0.735211
0.709864 -0.618509 -0.336957
0.79171 -0.293052 0.536018
0.532571 0.496403 0.68553
-0.965058 -0.034914 -0.259699
0.682816 0.524626 0.508458
-0.975601 0.104821 0.192911
0.777859 -0.110519 -0.618644
0.663117 -0.164869 0.730133
0.665874 -0.744147 -0.0534442
-0.267065 -0.90994 0.317311
0.0708411 0.789004 -0.61029
0.00313134 0.3195 0.947581
-0.0300624 -0.240344 -0.970222
0.781915 0.568057 0.256751
-0.798564 -0.439685 -0.411063
0.744091 0.550831 -0.378039
-0.640801 -0.18402 -0.745326
-0.175817 0.984054 -0.026944
-0.544789 0.725202 -0.421055
-0.194053 -0.904576 -0.379587
-0.0847807 0.988367 -0.126262
0.687013 -0.716893 0.118646
0.421081 -0.498706 -0.757617
-0.202903 0.907424 -0.367984
0.653674 -0.547398 -0.522557
0.897223 -0.180085 -0.403189
0.150424 -0.329136 -0.932224
0.332695 0.270754 0.903331
0.598364 0.482389 -0.639736
-0.76116 -0.181359 0.622691
-0.98293 -0.176936 -0.0504167
-0.457191 0.871245 -0.178628
-0.778342 -0.110238 0.618087
-0.759659 -0.106681 0.641512
0.537448 -0.180501 -0.823753
-0.838583 0.543122 0.0423894
-0.854808 0.0446187 -0.517023
0.134697 -0.353979 0.925503
0.827286 -0.0131255 -0.561627
0.78955 -0.0844982 -0.607841
-0.935728 -0.342358 0.0848804
0.580613 0.34117 -0.73925
-0.734676 -0.675325 -0.0647042
-0.380458 0.71694 -0.584164
0.408784 0.65214 0.638443
0.145894 -0.506061 0.850069
0.240397 -0.0100196 -0.970623
0.468346 -0.438181 -0.767235
0.990832 -0.134445 -0.0133159
0.234337 -0.763227 -0.602139
0.883356 0.254705 0.393455
-0.964048 -0.0780943 0.253992
-0.8691 0.0519063 0.491905
0.381505 0.612539 -0.692278
0.466718 -0.413074 -0.782013
0.928149 -0.133211 0.347554
-0.257478 -0.856275 0.447771
-0.88077 -0.473354 0.013437
0.0943901 0.973243 -0.209496
0.524789 -0.258525 -0.811025
0.576038 -0.650423 0.495106
-0.181318 0.71154 0.678848
0.773713 -0.0556488 0.631088
0.110284 0.57351 0.811741
0.691022 -0.721586 -0.0424423
0.717701 0.678164 -0.158112
0.824948 0.432659 0.363686
0.269746 -0.571677 0.774869
-0.337345 -0.747797 0.571837
0.0165251 0.99894 0.0429659
-0.709965 -0.326134 0.624169
-0.936376 -0.333979 -0.107976
-0.634121 -0.0602781 0.770881
-0.588763 -0.805467 0.0676896
-0.845073 -0.291981 -0.447883
0.294539 0.948203 0.118988
0.399184 -0.759816 -0.513158
0.299159 -0.431213 -0.851211
0.0105178 -0.620112 0.784442
0.223159 -0.0474575 0.973626
0.377881 0.846764 0.374428
-0.943844 0.108911 0.311924
0.89555 0.254465 0.365016
0.062116 0.641216 0.764843
0.797077 -0.144599 -0.58631
-0.866532 -0.498898 0.0149105
0.747342 0.534716 -0.39441
-0.289174 -0.955023 -0.0656492
-0.179855 -0.190666 -0.965038
0.821408 -0.472275 0.319757
0.230222 0.918803 -0.320622
-0.95776 0.285719 -0.0325549
-0.922971 -0.31769 0.21725
-0.0297518 -0.998218 0.0517206
0.89694 0.187911 -0.400234
-0.459714 0.648906 0.606286
0.454921 0.771404 0.444952
-0.672064 -0.0390843 0.739461
-0.566926 0.29977 -0.767289
0.0650653 0.862667 0.50157
0.161529 -0.986296 -0.0336079
-0.907087 0.115445 -0.404803
0.349903 -0.299793 -0.88752
0.850132 -0.525456 -0.0342177
0.1392 -0.843516 -0.518753
-0.0112138 0.787371 -0.616378
0.0928255 0.372134 -0.923526
-0.474171 0.204304 -0.856401
-0.589791 0.011969 -0.807467
0.756064 0.602006 -0.256819
0.0999531 -0.989331 0.10599
-0.581918 -0.426689 0.692321
-0.768671 -0.632934 0.0924074
-0.177745 -0.914622 0.363144
-0.130515 -0.957871 0.25583
-0.231931 -0.0999886 0.96758
-0.419278 0.689714 -0.59034
-0.775033 0.144271 -0.615232
0.957574 -0.227565 0.176821
-0.868326 0.420468 -0.263089
0.671713 -0.316757 -0.669676
-0.282745 -0.827732 0.484681
-0.360937 -0.798775 0.481335
-0.914198 -0.0333623 -0.403892
0.587208 -0.555703 -0.588541
-0.54546 -0.480741 -0.686557
0.540517 0.838156 0.073043
-0.428404 0.724009 0.54063
0.524809 0.656567 0.541752
-0.575466 0.759972 0.30213
-0.123505 -0.888576 -0.44179
0.712295 0.440198 0.546683
-0.301843 0.943193 -0.138847
-0.846004 -0.430488 0.314575
0.149702 0.152318 0.976928
0.882217 -0.117022 -0.45607
0.963678 -0.0360535 -0.26462
-0.95969 0.183617 0.21279
0.236497 -0.910652 0.338794
-0.982528 0.00962899 -0.185868
-0.177133 0.933993 -0.310292
-0.424677 -0.203864 -0.882094
0.289132 0.49626 0.818614
0.500972 -0.596198 0.627355
-0.956214 -0.256979 0.140059
0.0440746 -0.142365 0.988832
-0.292466 0.955591 -0.0361779
0.483702 -0.27845 0.829758
-0.527649 -0.229054 0.817998
-0.357913 0.268425 -0.894342
0.993392 0.016332 -0.113602
0.945845 -0.299893 0.124262
0.243766 0.00403486 0.969826
0.475697 0.157992 -0.865304
0.151631 -0.517959 -0.841859
-0.28977 0.955073 -0.062191
0.695375 0.00965705 0.718582
-0.23303 0.913631 -0.333129
-0.0253563 0.0279818 0.999287
-0.986919 0.154453 0.0462018
0.717132 0.373076 -0.588673
-0.732239 -0.501273 0.461034
0.847193 -0.402742 0.346501
-0.253591 -0.845406 -0.470085
-0.65777 0.349349 -0.667304
0.377075 0.164882 -0.911388
0.860473 -0.0458286 0.507431
0.965073 0.206231 0.161564
0.57215 -0.806183 -0.150707
-0.6324 0.727599 0.265839
-0.0533055 0.933332 0.355034
0.14803 0.146294 0.978103
0.216016 0.966024 -0.141899
0.220453 -0.431669 0.874678
0.0405268 0.788308 -0.613944
-0.221557 -0.792557 0.568125
0.523712 -0.545499 -0.654337
0.849588 0.203455 -0.486627
0.685299 -0.561265 0.464054
0.446276 0.737402 0.507027
0.938023 -0.338002 -0.0765992
0.923987 -0.00344036 0.382409
0.535991 0.488501 0.688536
-0.340206 0.724147 -0.599892
-0.77415 -0.161723 -0.611994
0.78251 0.171767 -0.598476
-0.73553 0.529851 -0.422202
-0.955946 -0.254645 0.146027
0.49023 -0.564058 0.664464
0.917316 0.22015 -0.331762
0.432045 -0.650919 0.624212
-0.71441 -0.118624 -0.689599
-0.111928 0.368553 0.922844
-0.528486 0.797222 -0.291788
0.681564 0.1112 -0.72326
0.142615 -0.408281 0.901647
-0.47693 -0.851331 0.218569
-0.816493 -0.106836 -0.567385
0.153208 -0.867423 -0.473398
0.540407 -0.556068 -0.631465
0.676319 -0.259128 0.689525
-0.0473755 -0.71984 -0.692521
-0.693033 -0.501285 0.518091
0.516392 0.805306 0.291242
-0.333023 0.412083 -0.848105
0.997999 -0.0443296 -0.0450839
0.686685 -0.72661 -0.0223931
-0.994908 -0.0996533 0.0150682
-0.70214 0.700117 -0.129752
-0.869984 0.427403 0.245874
0.167662 0.639688 0.750126
0.515313 -0.589854 -0.621711
-0.914473 -0.225495 0.335992
-0.284836 0.954244 -0.0910321
-0.712324 0.606413 0.353353
-0.0135041 -0.957831 -0.287015
0.233802 0.289694 -0.928124
-0.614589 -0.754505 -0.230224
0.579686 0.182882 -0.794052
0.780775 0.296523 -0.549969
0.603279 0.117336 0.788851
-0.095884 -0.297763 0.949812
0.214483 0.255524 -0.942711
0.349997 -0.00292752 0.936746
0.1467 0.741103 0.655168
-0.00576489 0.952097 -0.305743
-0.487234 0.164289 -0.857678
-0.838714 0.155466 -0.52191
0.68511 0.728429 -0.00380386
-0.201652 -0.182322 0.962338
0.855756 -0.425844 -0.293835
-0.982224 0.125484 0.139605
0.266828 0.863967 0.427041
0.721371 -0.48347 -0.495864
-0.579724 -0.202679 0.789203
0.755903 -0.419472 0.502648
-0.667898 0.708268 0.228624
0.398001 0.907007 -0.137599
-0.801929 0.266839 0.534516
0.515282 0.546492 -0.660175
-0.954206 0.0790918 -0.288505
0.0490989 -0.814682 0.577825
-0.658828 -0.718041 -0.224417
0.996328 -0.0281836 0.0808506
0.478695 0.611747 -0.629776
-0.538702 -0.0491681 0.841061
-0.698342 0.657323 0.283276
0.982677 0.182258 -0.0335786
-0.953498 -0.237811 -0.185168
-0.37377 0.924452 -0.0753919
-0.600085 0.065145 0.797279
0.236073 -0.246164 0.940039
0.956987 0.182299 -0.225705
0.260481 -0.209144 0.942554
0.598558 -0.784559 -0.161854
0.75459 -0.254015 0.605037
0.662255 -0.74268 -0.0992246
-0.469788 0.311562 0.825971
0.637682 -0.304161 -0.707706
-0.14621 -0.158706 0.97644
0.414919 0.844662 -0.338214
-0.237399 -0.962215 -0.133358
0.865377 0.487356 -0.116648
0.259138 0.648888 -0.715396
0.193756 -0.936855 0.291139
0.585309 -0.24905 0.771614
0.302016 -0.343254 0.889361
0.649915 0.173476 0.739944
-0.64384 -0.501286 0.578085
-0.43252 0.16747 0.885935
-0.448158 0.878856 -0.163604
-0.774408 0.630326 -0.0546068
-0.869993 -0.447207 0.207648
-0.0879765 0.992844 0.0807564
0.410807 -0.682351 -0.604677
0.392085 0.799861 -0.454414
0.0529267 -0.815584 -0.576212
-0.539635 0.343034 0.768845
0.905389 -0.267835 0.329446
-0.925979 0.263003 -0.270911
0.481111 0.876165 -0.0294464
0.851416 -0.33852 -0.400619
-0.271637 -0.304182 -0.913064
0.398113 -0.846961 0.352368
0.305864 0.758783 0.575062
-0.267312 -0.754996 0.59877
0.354366 -0.788311 0.502982
-0.0700665 0.678225 0.731507
0.589993 -0.451078 0.669654
-0.105926 -0.492181 0.864024
0.687828 -0.722219 0.0727558
0.81761 0.170223 0.550034
-0.356185 -0.708494 0.609236
0.79252 -0.476866 0.380146
-0.560025 -0.737566 0.377316
-0.313301 0.405797 0.858587
-0.71316 0.183203 -0.676639
-0.428102 0.217138 -0.877257
0.860812 0.134925 0.490713
0.319094 -0.516774 0.794433
-0.170781 -0.500439 -0.848761
0.28662 0.676872 -0.678007
-0.112433 -0.894659 -0.432371
0.312917 0.756921 -0.573719
-0.156781 -0.826006 0.541419
-0.0337542 -0.796352 0.603891
0.826289 -0.472226 0.307001
-0.206588 0.143059 -0.967913
-0.894869 -0.268526 0.356515
0.613856 0.384287 0.689568
-0.714756 -0.345404 0.608128
0.10476 0.983876 0.144962
-0.483554 0.516181 0.706918
-0.691803 0.58499 0.423314
0.658514 0.578025 0.481919
-0.56199 -0.814264 -0.145402
0.824795 -0.146828 0.546036
0.295775 -0.359001 -0.885232
0.124287 -0.980695 0.150965
-0.482986 0.0897128 -0.87102
0.661697 0.684135 -0.306786
0.198856 -0.830316 0.520608
0.203332 0.94164 0.268271
-0.170509 -0.930735 0.32351
-0.28484 -0.812246 0.509041
-0.364286 -0.559995 -0.744111
0.515583 -0.800515 0.305533
-0.818097 -0.0595646 0.571988
-0.962666 -0.236663 0.131394
0.0184925 -0.999716 0.0150433
-0.908678 -0.0886995 0.407967
0.536769 0.739482 0.406258
-0.584013 -0.811671 -0.0108781
0.465351 0.831788 -0.302617
0.197297 0.762457 -0.616225
0.96071 -0.0584378 -0.271332
0.651315 -0.0639333 -0.756109
0.207694 0.749821 -0.628197
0.122639 0.00512578 0.992438
-0.0649431 0.544601 -0.836177
-0.11554 0.480612 0.869289
-0.0975126 0.172202 0.980223
0.768588 0.555618 0.317113
-0.780547 0.605183 -0.156525
0.670951 0.0455453 -0.740101
-0.638519 0.0267756 0.76914
0.223779 0.942691 -0.247502
-0.347355 -0.435025 0.830721
0.34062 -0.74647 0.571629
-0.93775 0.0239982 -0.346481
-0.958845 -0.283729 0.0106446
0.744906 -0.013674 0.667029
-0.755017 -0.320909 -0.57181
-0.399692 0.91487 0.0570931
0.352859 -0.816631 -0.456732
0.987743 0.138467 -0.0720429
-0.132133 -0.973395 0.187197
0.105992 -0.638823 -0.762018
-0.0445745 0.99401 -0.0997898
0.575475 0.173416 -0.799222
0.0168003 0.933944 -0.357023
0.386128 -0.602641 0.698377
-0.577657 -0.206214 0.789802
-0.270467 -0.85085 -0.450447
-0.465902 0.239714 0.851747
0.853946 -0.520299 -0.00810117
-0.196057 -0.071632 0.977973
0.757459 -0.574291 0.310558
0.251767 0.669935 0.698428
0.396343 0.0180293 -0.917925
-0.728889 0.593681 -0.340975
-0.318855 -0.947092 -0.0367053
-0.291585 0.367947 0.882946
-0.798445 0.474799 0.370205
0.65476 0.608849 -0.447875
0.176747 0.972709 -0.150325
-0.329291 -0.481016 -0.812521
-0.812314 -0.425155 -0.399236
-0.727526 0.627946 -0.276387
-0.414592 -0.846617 -0.333696
-0.588113 0.0747586 -0.805316
-0.170345 0.983083 0.0673064
0.00180708 -0.112551 -0.993644
0.995568 -0.065096 -0.0678701
0.872285 -0.485235 0.0605515
0.462331 -0.0942244 0.881687
-0.281755 0.952381 -0.116548
0.993215 0.110557 0.0360774
-0.683337 0.535858 -0.495891
0.804461 0.368695 -0.465733
0.851811 -0.493644 -0.175308
-0.0530625 0.0626926 0.996621
-0.31987 -0.398008 0.85981
-0.767856 0.468063 -0.437395
-0.503801 0.806173 0.310274
0.912511 -0.295931 -0.282396
0.526089 0.0761599 0.847013
-0.507989 -0.850071 -0.139019
0.0392154 0.521014 -0.852647
0.454486 0.838019 0.301939
0.210925 0.734866 0.644579
-0.0756599 0.0130409 -0.997048
0.384991 0.425714 -0.818871
0.448669 0.88655 -0.112807
0.17551 0.357725 0.917186
-0.90306 0.420809 -0.0860353
-0.11401 -0.985807 0.12323
0.492907 0.70809 -0.505619
0.27851 0.883583 -0.376448
-0.70531 0.203435 -0.679082
-0.049258 0.998217 -0.0337158
0.594532 -0.601466 0.533639
0.618498 -0.743391 -0.254618
0.520768 0.586446 0.620388
0.907797 -0.265563 0.324625
-0.384828 -0.25236 0.887819
-0.53322 -0.675413 0.509405
0.116805 -0.982203 0.147087
-0.914615 0.402611 0.0372044
-0.435965 -0.0686834 0.897339
-0.522853 -0.819819 0.233498
-0.504071 0.490256 -0.711029
0.397431 -0.762767 -0.510133
-0.41543 -0.109835 -0.90297
0.92066 0.0376841 -0.388542
0.0339048 -0.873721 0.485245
0.225685 -0.905157 0.360217
-0.921994 0.326594 0.208
0.294965 0.169294 -0.940391
0.518306 -0.843385 -0.141632
-0.508715 0.849384 -0.140559
-0.202973 0.920072 -0.335066
-0.2512 -0.686871 0.681987
0.355831 0.101688 -0.929002
0.108546 0.263624 -0.958499
-0.973838 0.180201 -0.138446
0.339483 0.815073 0.469475
0.754124 0.655727 -0.0363299
0.514321 -0.583211 -0.62876
0.188337 0.712749 -0.675661
0.853457 0.228973 -0.46817
0.880215 -0.282708 -0.38118
0.684391 0.540808 0.489015
-0.251683 -0.509087 -0.823096
-0.527171 0.70785 0.470148
-0.672218 0.20415 0.71165
-0.119654 0.155419 0.980575
-0.054826 -0.883531 -0.465153
-0.856515 0.284084 0.430904
0.932524 -0.0959081 0.34814
0.287613 0.0378973 0.956997
-0.883947 -0.450048 -0.126866
-0.951245 -0.302798 -0.0586967
0.541429 0.838921 0.0553643
0.903231 0.216448 0.370571
-0.992601 -0.102886 -0.0644772
-0.000512543 -0.950978 0.309259
0.975574 -0.127157 0.179126
0.257174 -0.936432 0.238656
-0.345073 -0.728161 -0.592204
0.954896 -0.236222 0.179925
0.9164 -0.209197 -0.341245
0.718689 -0.138306 -0.681438
-0.737123 0.198203 -0.646039
-0.845076 0.484668 -0.225708
0.125532 -0.0812588 0.988756
0.950533 0.148767 0.272682
0.652982 -0.687881 0.316914
-0.245682 0.756538 -0.606044
0.525145 0.839106 0.141858
0.155151 0.0862467 0.984119
0.126977 -0.0920761 -0.987623
-0.0776412 -0.269905 0.959752
0.761554 -0.564822 0.317824
0.595909 -0.678734 0.4292
-0.926988 0.221531 -0.302683
-0.438018 -0.832418 -0.339441
0.107738 -0.794778 0.597261
0.910299 -0.153758 0.384337
-0.858164 0.282496 -0.428661
-0.3166 0.542879 -0.777848
-0.996359 -0.0280608 -0.0805048
0.105025 0.964878 0.240791
-0.775536 0.630679 -0.0280673
-0.312858 0.393188 0.864594
-0.640855 -0.232569 -0.731585
0.299277 0.898192 0.321999
-0.0790466 -0.754279 0.651778
0.263175 -0.663643 0.700227
0.121869 -0.832765 0.540046
0.718165 -0.232756 -0.655793
-0.360596 0.145281 -0.921338
-0.22154 0.446256 -0.86705
0.447186 0.531294 -0.71955
0.10727 0.993707 0.0322489
-0.260847 -0.839932 0.475892
0.657606 -0.0220837 0.753038
0.631559 0.705119 0.322398
-0.0261774 -0.798374 -0.601592
0.522656 -0.351891 -0.776533
0.65362 -0.702983 0.280349
0.897103 0.310727 0.314093
0.425101 -0.397096 0.81339
-0.575446 -0.772833 0.267566
0.704301 0.0569326 -0.707615
-0.339857 -0.529997 -0.776917
-0.740293 -0.621854 -0.255468
-0.583748 -0.738103 0.338292
0.261527 0.940312 -0.217752
0.98359 -0.140383 0.113332
-0.503245 0.859173 -0.0925518
-0.248179 -0.203719 -0.947051
0.772011 0.635112 0.0251125
-0.0547437 -0.55016 0.833263
-0.90446 -0.00226789 -0.426552
0.533465 -0.58009 -0.615557
-0.630014 0.747784 -0.209528
0.68236 -0.14019 0.717447
-0.331203 -0.295465 0.896105
-0.357061 0.790126 -0.498205
-0.875202 -0.300585 -0.379039
-0.483229 -0.875476 -0.00557343
0.381 -0.848837 0.36649
-0.491241 -0.794072 -0.357955
0.0896 0.701325 0.707188
0.705779 -0.151844 -0.691968
-0.710443 -0.693037 -0.122351
-0.557119 0.697809 0.4502
0.392831 0.902137 -0.178418
-0.30451 0.864165 -0.400615
-0.238423 -0.743337 -0.624984
-0.428634 -0.229747 -0.873779
0.575943 0.800222 -0.167137
-0.597167 0.57269 0.561621
-0.94806 -0.0736107 -0.309457
-0.208438 -0.633229 0.745369
-0.13497 -0.851707 0.506338
0.171648 0.176588 0.969203
-0.913158 -0.396237 -0.0955938
-0.125204 0.954516 0.270597
0.424577 -0.674644 0.603812
0.916506 0.0340473 0.39857
-0.520427 -0.65257 -0.550735
-0.145036 0.988005 0.0530139
-0.606977 0.312944 0.73051
0.586162 -0.105243 -0.803329
0.399678 -0.385042 -0.831865
-0.951575 -0.306843 0.0187621
0.345288 0.081192 0.934978
0.697394 0.716441 0.0187952
0.327744 -0.880698 -0.341986
-0.0409063 -0.680121 -0.731958
0.457957 0.853551 -0.248448
0.322319 -0.93418 -0.153031
-0.502417 -0.688913 -0.522471
0.214153 -0.859386 0.464322
-0.149675 -0.971547 0.183557
0.991114 0.0668466 0.115001
0.972632 -0.160586 0.167928
0.644903 0.745317 0.169127
-0.185307 -0.283152 -0.941003
-0.519004 -0.752129 0.406125
-0.662458 -0.585597 -0.467147
0.478015 0.315209 -0.819844
-0.0644155 0.657268 -0.750899
-0.559037 -0.81471 0.154028
-0.115072 0.643717 -0.756562
-0.277542 -0.0747278 0.957803
-0.281761 -0.7671 -0.57634
0.029589 0.495863 0.867896
-0.794758 -0.439401 -0.418671
0.504906 0.597974 -0.622492
-0.213793 0.70685 -0.674282
0.767027 0.176231 0.616937
-0.0804343 0.0159257 -0.996633
-0.697749 0.233301 -0.677286
-0.246855 0.96888 -0.0182575
-0.151699 0.504943 0.849718
0.519612 -0.319857 -0.792272
0.206899 0.164336 -0.964462
0.101749 -0.978756 -0.177999
-0.203004 -0.35761 -0.91154
-0.810062 -0.310186 -0.497578
0.939915 -0.0860919 -0.330377
-0.655864 -0.415085 -0.630513
0.460314 0.806201 -0.371686
-0.525429 -0.704663 -0.476838
-0.378728 -0.346886 -0.858042
0.238026 -0.116087 0.964296
-0.0569278 -0.994629 0.0864425
0.52788 -0.452596 0.718679
-0.500371 -0.851304 0.157829
-0.143701 0.986697 -0.0760211
-0.249848 -0.837703 0.485623
0.257698 0.815843 0.51768
0.852578 0.488617 0.185375
-0.476483 -0.782389 -0.401039
-0.516319 -0.710515 -0.478103
-0.374198 0.593312 0.712711
0.423743 -0.886981 0.183594
-0.258557 -0.0218061 0.96575
0.968005 -0.0570606 -0.244357
0.482019 0.578891 -0.65768
-0.211726 0.183051 -0.960033
0.951479 -0.100632 -0.290793
0.359248 0.876776 -0.319696
0.567989 -0.274141 -0.776038
-0.767129 0.639636 -0.0487753
0.773319 0.608288 0.178782
0.956396 -0.289699 -0.037167
0.955671 0.0690616 0.286224
-0.325614 0.716546 -0.616877
0.925781 0.341507 0.16218
0.289446 0.876252 -0.385231
-0.241737 0.0253771 0.97001
0.142515 0.618909 0.772425
0.280663 -0.342949 -0.896445
-0.602354 0.571471 -0.557307
-0.297896 -0.930199 0.214445
-0.536163 -0.81671 -0.213338
-0.458022 -0.391427 -0.798123
0.534998 -0.0731891 0.841677
-0.514571 -0.853157 -0.0856713
-0.953606 -0.142013 -0.265458
0.585042 -0.774291 -0.241246
-0.777231 0.607235 -0.164855
-0.184496 0.95504 0.232077
-0.42079 0.660092 0.622266
0.84848 0.488516 0.20355
0.165131 0.61563 -0.770539
0.632435 0.0995782 0.768186
0.0267689 -0.782822 -0.621669
-0.446585 -0.796678 0.407266
0.89993 -0.406145 -0.158657
0.434343 -0.613331 -0.659675
-0.787856 -0.610866 -0.0782631
-0.413103 0.887264 0.205204
-0.0421618 -0.234895 0.971106
-0.0820316 0.0928614 0.992294
-0.753576 0.656851 0.0258776
0.32831 0.789921 -0.517916
0.0636334 0.770274 0.634531
-0.209655 0.483017 0.850141
-0.714306 -0.210983 -0.667273
0.0203098 0.963153 -0.268186
0.636964 -0.611833 -0.468975
0.795166 0.421281 -0.436157
0.726135 -0.334458 -0.600721
0.880582 0.356481 -0.312245
0.668473 -0.291073 -0.684412
-0.50549 -0.529907 -0.680939
0.942781 -0.12136 0.310541
-0.272979 0.773426 -0.572097
0.469919 -0.695873 -0.54308
-0.0909445 -0.969998 -0.225461
0.122081 -0.545351 -0.82927
-0.684214 0.178828 -0.707016
-0.176851 -0.964498 -0.196131
-0.513613 0.364279 0.776854
0.913843 0.258272 -0.313346
0.991742 0.127473 0.0140869
-0.908456 -0.41464 -0.0527399
-0.622365 -0.71194 0.325274
0.379918 0.133234 -0.915375
0.296854 0.717597 0.630025
0.307316 0.840605 -0.446027
-0.901514 0.432713 0.00561455
-0.604929 0.254362 0.75456
-0.350428 -0.19161 -0.91678
-0.11158 -0.991627 0.065002
-0.979629 -0.200098 -0.0169518
0.896682 0.332438 0.292313
0.131523 -0.562173 0.816494
0.616797 -0.598756 -0.510934
0.86176 0.357376 -0.360072
-0.0341601 -0.160657 -0.986419
-0.0989675 -0.656012 -0.748234
-0.866761 0.102053 0.488171
-0.157712 0.985292 0.0657814
-0.482972 -0.689213 0.540115
-0.184492 -0.674126 0.715204
0.873671 -0.162394 -0.458614
0.472687 -0.222328 0.852723
-0.628513 -0.314771 0.71126
0.371222 -0.439437 -0.817979
0.247868 0.917158 -0.312063
-0.822565 -0.568297 0.0206202
0.487771 0.193537 0.851248
0.257485 0.455236 -0.852327
0.399978 -0.429878 -0.809458
0.893845 -0.216849 0.392451
-0.735371 0.0596096 -0.675038
-0.393937 -0.919091 -0.00919409
0.316163 0.754445 -0.575199
0.0207045 -0.932188 0.361383
-0.449722 0.824988 0.342264
0.232692 -0.896542 0.376917
0.789762 -0.0668938 -0.609756
0.207467 0.94228 -0.262804
-0.415417 -0.901234 0.123312
0.101068 0.822126 0.560262
-0.483887 0.683537 -0.546471
-0.140914 0.962753 0.230758
0.374196 0.443109 0.814636
-0.716012 -0.686833 -0.124848
0.611109 -0.315603 -0.725906
-0.481476 0.116889 -0.86863
0.302766 -0.95165 -0.0519133
-0.595203 -0.758142 0.266371
0.935208 -0.134788 0.327441
-0.988227 -0.0419969 -0.147117
0.880151 0.410787 -0.237883
-0.587367 -0.708031 0.392037
-0.987495 -0.154563 0.0310375
0.952609 0.139 0.270583
0.283352 0.890014 0.357194
-0.698026 -0.319535 0.640825
-0.663826 -0.722636 0.192699
0.0459503 0.511475 -0.858069
0.80406 0.183549 -0.565506
-0.422437 0.620261 -0.660926
0.437197 -0.612176 -0.658863
0.410741 -0.819154 0.400349
-0.241994 0.638441 -0.730638
-0.860187 0.166979 0.481867
0.819266 0.337995 0.46321
0.652017 0.1964 0.732325
0.79612 0.090255 0.59837
-0.841191 -0.219468 -0.494197
-0.490868 -0.421911 0.762259
0.548642 0.730981 -0.405782
0.532921 -0.393996 -0.748841
0.114373 -0.99095 -0.0702621
-0.868264 0.418279 0.266757
-0.20062 -0.689232 0.696212
0.137989 -0.759605 0.635577
0.804537 -0.580941 0.1234
0.571134 0.616756 -0.54168
0.928412 0.37084 -0.0230043
0.179534 -0.892849 -0.413024
0.714648 0.699127 0.0223412
-0.678263 -0.483872 0.553016
-0.0181461 0.617724 -0.786186
-0.171568 -0.765709 0.619882
-0.867327 0.403581 0.291319
-0.20379 0.723363 0.659709
0.751349 -0.0408743 0.658637
-0.025183 -0.961801 0.272589
-0.13066 -0.64464 -0.753237
0.415384 -0.875763 -0.245957
0.806053 0.369549 0.46229
-0.157169 -0.0165825 -0.987432
-0.860206 0.461281 -0.217406
-0.669504 -0.700711 0.246511
-0.475708 0.204396 -0.855526
0.0814516 0.365941 -0.927067
0.760319 -0.513535 -0.397739
-0.934474 -0.337918 -0.112112
-0.887841 -0.460013 -0.0112798
0.205466 -0.759219 0.617552
0.653588 -0.0204796 -0.756573
0.979682 -0.127473 -0.154835
-0.0135253 0.157821 0.987375
-0.973528 -0.0767723 -0.215287
0.890821 0.332508 -0.309638
0.00603758 -0.0897097 0.99595
0.444184 -0.330226 0.832858
-0.408856 0.801361 0.436644
0.33871 -0.490888 0.802686
0.535396 -0.827143 -0.170836
-0.682321 -0.578099 0.447481
0.309115 0.437407 0.844466
0.747192 -0.127166 -0.652329
-0.510785 0.302625 0.804685
0.573262 0.478342 0.665251
0.243364 0.260043 -0.934426
-0.0950882 0.439795 -0.89305
0.62244 -0.484799 0.614442
0.466501 -0.881346 -0.0748687
0.816058 0.39416 0.422713
-0.211384 -0.718194 -0.662959
-0.789722 -0.358684 -0.49768
-0.406801 0.45241 -0.793623
0.67022 -0.141353 -0.728577
0.475596 0.85585 -0.203298
0.130229 -0.923841 -0.359942
-0.342503 0.113746 0.932606
0.0970937 0.509157 -0.855179
0.532701 0.583789 0.612715
-0.203879 -0.828741 0.521174
-0.781908 -0.59296 0.192403
-0.91119 0.126555 0.392068
0.504464 -0.656623 -0.56068
-0.719594 -0.54929 0.424811
-0.308218 -0.876281 0.370316
-0.698163 0.420839 0.579191
0.372438 0.636852 0.675062
0.0256257 -0.620503 -0.783785
0.494771 0.19532 -0.846789
-0.724143 -0.660532 0.198278
-0.170398 -0.983194 -0.0655251
-0.288537 0.298984 -0.909591
-0.460788 0.15951 0.873059
0.549891 -0.544429 0.633417
0.723065 -0.506745 -0.469454
-0.777468 0.535086 0.330495
-0.336217 0.592922 -0.731711
-0.50223 -0.0987056 0.859082
-0.738573 0.32177 -0.592431
-0.476806 -0.471567 0.741809
0.0558275 0.113506 0.991968
-0.697443 0.71664 -0.000980934
-0.495728 -0.396791 0.772536
0.284076 0.94881 0.13806
0.295314 0.769592 0.566143
-0.721951 -0.234409 0.65103
-0.785575 0.120944 0.606832
-0.383552 -0.185808 -0.904635
0.539943 -0.841408 -0.0222199
-0.40042 0.472048 0.785388
0.595038 -0.746169 0.298599
0.85111 0.501587 0.15499
0.539652 -0.414407 0.732832
-0.982936 0.176449 0.0519762
0.433845 0.373978 0.819707
0.679595 0.687992 -0.254593
0.184886 0.314588 0.931049
0.788602 0.333771 -0.516434
-0.256145 -0.949753 0.179886
-0.556029 -0.771524 0.309166
0.136287 0.590753 0.795259
0.18061 -0.973542 -0.139986
-0.604622 0.727571 0.32415
0.715587 -0.525795 0.459864
-0.220684 0.337533 -0.915079
0.562298 -0.569565 -0.599514
0.103922 0.974627 0.198247
0.877005 0.14072 0.459412
0.802607 -0.593953 -0.0551528
0.984482 -0.174121 -0.021826
0.754014 0.244802 -0.609537
-0.0894424 -0.435837 0.89557
-0.143573 -0.0834845 0.986112
0.698085 0.129029 0.704293
-0.166327 0.806966 0.566693
-0.954785 -0.253922 0.154623
0.295334 -0.569349 0.767215
-0.41335 -0.757355 0.505525
-0.384918 -0.361302 0.849293
-0.197375 -0.439827 -0.876125
-0.737833 -0.140014 -0.660302
0.581188 -0.236568 -0.778625
0.391087 -0.851685 0.348831
0.822093 0.311638 -0.476492
-0.504109 -0.110744 -0.856511
-0.549942 -0.804407 -0.224706
-0.233158 -0.941996 0.241413
-0.315744 0.697914 -0.642823
0.687821 -0.115377 -0.716652
0.807677 0.576064 0.125729
-0.183677 -0.378738 -0.907094
0.190105 0.548242 -0.814426
-0.742483 0.663944 0.0888703
-0.195703 -0.00774309 0.980633
0.347112 0.748584 0.564921
0.52482 -0.80825 0.267014
0.39486 -0.332076 0.856628
0.940779 0.0144394 -0.338714
0.752598 0.628615 0.196058
-0.254601 0.964213 0.0739757
0.888557 0.409954 -0.205923
0.994868 0.0970342 0.0286549
-0.640109 -0.676299 -0.364528
0.736771 0.613455 0.284327
0.0934584 0.817009 -0.569001
0.263187 -0.0702722 -0.962182
0.826612 -0.284502 -0.485562
-0.155854 0.306135 -0.939144
-0.140654 -0.482199 -0.864697
0.960394 0.090986 0.263373
0.363263 0.11286 -0.924826
-0.0412575 0.684901 -0.727467
-0.499724 0.00958577 0.866131
0.0976645 0.928235 -0.358944
-0.00595351 -0.964171 -0.265214
-0.349962 -0.594189 -0.724201
0.0747576 0.388774 0.918295
0.261468 -0.666495 0.698154
-0.132382 -0.296639 0.94577
-0.222921 -0.144847 0.964015
-0.53971 0.0043019 -0.84184
-0.867532 0.394927 -0.302358
0.24624 -0.968933 0.023127
0.0843933 -0.09416 -0.991974
-0.148761 0.981294 0.122197
0.511646 -0.61335 -0.601681
-0.0481472 -0.281787 -0.958268
-0.0153385 -0.89324 -0.449319
-0.488673 0.57693 -0.654485
-0.869865 -0.166167 -0.464461
0.157247 0.830843 -0.533828
-0.530647 0.843523 0.0829553
-0.743905 0.311527 -0.591233
0.595684 -0.465576 0.654522
0.423499 -0.288006 0.858895
-0.191123 -0.540751 0.819183
0.296232 0.772227 -0.56206
-0.892901 0.163606 -0.419476
-0.12851 0.975435 -0.178918
0.408926 0.822051 -0.396248
0.31199 -0.448811 -0.837395
0.759431 0.503115 -0.412481
-0.399621 -0.533065 -0.745751
-0.531661 -0.333461 -0.778551
-0.816077 0.562115 0.134329
-0.0302649 -0.972863 0.229392
0.524892 -0.846482 0.0892014
0.865154 -0.498855 -0.0515046
0.831209 0.448891 0.328008
-0.549886 -0.130654 0.824957
0.353042 -0.916631 -0.18748
0.682568 0.053585 -0.728855
0.36985 0.924221 0.0950104
0.610643 -0.748179 -0.259505
-0.349818 0.832616 0.429393
-0.391229 -0.110924 0.913584
-0.687722 0.219755 -0.691915
-0.422568 -0.166973 0.890818
-0.174611 -0.308186 0.935164
-0.335789 -0.675291 0.656679
0.747327 0.473747 -0.465904
0.515909 0.467602 -0.717764
0.997133 -0.0183471 -0.0734058
-0.447735 -0.016941 0.894006
-0.587504 0.039586 -0.808252
0.134302 0.28814 0.948124
0.0379909 0.743733 0.667397
0.721696 0.434809 -0.538606
0.514909 0.851098 -0.102476
-0.497337 -0.484221 -0.719851
0.933696 -0.236586 -0.268773
0.128164 0.035938 0.991102
0.185942 -0.797311 0.574213
-0.156342 0.871688 -0.464454
-0.684594 -0.106409 -0.721115
0.0687493 0.467048 0.881555
-0.211323 -0.89518 0.392422
0.844572 -0.495391 0.20319
-0.330976 -0.939796 0.0850802
-0.255219 -0.232796 0.93844
0.956163 -0.172505 0.236632
-0.471956 -0.879477 -0.0614649
0.0750174 -0.919329 -0.386273
0.334563 -0.927417 -0.167227
0.465808 0.179004 -0.866591
0.538494 0.839705 -0.0701389
-0.570157 0.336874 0.749291
-0.100054 -0.66907 0.736434
0.306937 0.0488561 0.950475
0.115172 -0.979645 -0.16441
-0.641645 0.733151 0.225346
0.467826 0.288323 0.835469
-0.421089 0.845431 -0.328528
-0.151552 0.529302 0.834788
-0.410079 0.639848 -0.649946
0.369402 -0.27923 0.886325
-0.391377 -0.628361 0.672299
0.941172 -0.307703 -0.13969
-0.704155 -0.17522 -0.688087
0.627137 -0.649481 -0.42997
-0.134338 -0.729155 0.671033
0.61497 0.282027 0.736392
0.316898 -0.435962 -0.842326
0.282524 0.368045 -0.885846
0.918156 0.0366188 0.394523
-0.404059 0.564427 0.719832
-0.150343 0.870876 0.467945
-0.589227 -0.628497 -0.507743
-0.296995 0.814018 -0.499168
-0.335999 0.413462 0.846259
0.229627 -0.532631 0.814601
-0.311245 -0.822904 0.475348
-0.117574 0.379171 0.917827
0.286294 0.823547 -0.4897
0.110688 -0.95713 0.267677
-0.660521 0.744084 -0.100255
-0.384815 -0.77856 -0.495744
-0.153943 -0.485005 0.860855
0.880934 -0.0350417 -0.471939
0.133483 0.669686 0.730549
0.491691 -0.84997 -0.189184
-0.378879 0.315601 0.86997
0.438192 -0.569011 0.695855
0.0942305 0.534631 0.839816
-0.758254 -0.586238 -0.285264
-0.877199 0.34278 0.33619
0.453165 -0.857693 0.242906
-0.962872 0.243437 -0.116691
0.446835 -0.351761 0.822559
-0.871702 0.29749 -0.389405
-0.621218 -0.64739 0.44156
-0.488598 0.445213 -0.750372
0.584502 0.216986 0.78184
-0.752926 0.443663 0.486071
-0.947771 0.0736827 0.310325
-0.861967 0.451925 -0.229731
0.11078 -0.121696 -0.986366
-0.868718 -0.163034 0.467706
0.140183 -0.987598 0.0707011
-0.26528 0.922343 -0.280908
-0.796524 -0.591264 -0.126324
-0.756907 -0.468689 -0.455436
-0.965235 -0.200225 0.168023
0.803478 0.032241 0.594461
-0.328138 0.935823 -0.128693
-0.483795 -0.783682 -0.389595
-0.0186149 -0.420266 -0.90721
0.122161 -0.955866 0.267203
-0.461535 -0.826912 0.32125
-0.947728 -0.272063 -0.166713
0.885596 0.104694 -0.452504
-0.471327 0.832097 0.292344
0.690612 0.645818 -0.325536
0.543402 -0.709506 -0.448682
-0.802015 0.594039 -0.0623715
0.850167 -0.0653328 0.522445
-0.418355 -0.481136 0.770381
-0.0734416 0.942571 -0.325831
-0.850597 0.447582 -0.275961
-0.862468 -0.340118 -0.37479
-0.287834 -0.724694 -0.626075
-0.0401882 0.994442 0.0973108
0.22762 0.461327 0.857535
0.671469 -0.249264 0.697852
0.147219 0.907599 -0.393181
0.848047 0.444648 0.288279
0.120822 0.727947 -0.674904
-0.461637 0.0514066 0.885578
0.642708 0.173369 -0.746237
0.18717 0.037761 0.981601
-0.55987 0.304167 0.770732
-0.501788 0.428516 0.751387
0.353957 0.733836 -0.579827
0.00925755 0.5703 0.821385
-0.976866 0.0231793 0.212592
-0.172273 -0.420481 -0.890796
0.586637 -0.4972 0.639257
0.468924 0.333395 0.817899
0.953323 -0.295618 0.0615208
0.221831 -0.967392 0.122244
-0.190528 -0.658894 -0.727708
0.894934 0.25922 -0.363178
-0.201372 0.218394 0.954858
-0.829164 -0.460658 -0.316673
-0.207685 -0.974676 -0.0829053
-0.857276 0.51457 0.0171831
-0.935649 -0.00668049 0.352868
-0.462917 0.681917 -0.566301
-0.521363 -0.715967 -0.464297
0.0239162 -0.178467 -0.983655
-0.305572 -0.862314 0.403782
0.62677 0.17965 -0.758212
-0.237612 -0.438927 -0.866536
0.92185 -0.235533 0.307762
0.582172 0.351894 -0.732971
-0.532693 -0.640525 0.553142
0.271606 -0.239039 -0.93225
-0.565621 -0.5757 -0.590459
0.136987 -0.429085 0.892816
0.927378 0.266712 -0.262365
-0.844557 0.311349 0.435644
0.716931 0.486612 0.499217
0.559668 -0.174375 -0.810164
0.681219 -0.613196 0.399915
0.662616 -0.54479 -0.51395
0.479771 -0.794408 0.372471
-0.642449 -0.635295 -0.428554
0.774916 -0.242147 0.58384
0.660143 -0.420025 0.622728
-0.45352 0.197365 -0.869118
0.542855 0.838071 0.0542696
-0.328615 0.311629 0.891571
0.950299 -0.0166281 0.310895
0.906876 -0.254145 0.336133
0.390852 0.690865 -0.608227
0.478572 -0.452014 0.752763
-0.051616 -0.366727 -0.928896
0.850931 -0.387572 -0.354548
-0.497778 0.211756 -0.841057
0.330009 0.845797 0.419192
-0.163278 0.951762 -0.259789
0.0774953 -0.935255 0.345387
-0.947832 -0.180404 0.262811
0.428612 -0.860612 -0.275025
-0.473524 -0.534997 -0.699681
-0.257313 0.635018 0.728383
-0.782505 0.621536 0.0371278
-0.586063 -0.287298 -0.757622
-0.540745 -0.175259 0.822727
-0.584343 -0.806385 -0.0910328
-0.905469 0.409406 -0.111862
0.444681 -0.355952 -0.821923
-0.439938 -0.705947 -0.555061
-0.824828 -0.145546 -0.546329
-0.292159 -0.738173 -0.608066
0.31329 0.929517 0.194547
-0.975891 0.0747771 -0.205051
0.928711 -0.356728 0.1012
-0.541555 -0.250351 0.802523
-0.832464 0.461831 0.30613
0.994019 -0.0391556 -0.101947
-0.848806 0.514118 -0.123336
-0.139631 0.983702 0.113286
-0.0599165 -0.408374 -0.910846
-0.242818 0.905663 0.347584
0.972838 0.224597 0.0560576
-0.336351 -0.343503 -0.876855
0.0421645 0.749795 0.660325
-0.202487 -0.767698 -0.60798
0.326079 0.618988 0.714512
-0.107107 0.786913 -0.607697
-0.035434 -0.975424 0.217469
0.701376 -0.40431 0.58703
0.290235 -0.956938 -0.00583219
-0.461757 0.752906 -0.468949
0.740306 -0.306222 -0.598477
0.751609 0.622582 -0.217889
0.521262 -0.398014 0.754898
-0.48754 -0.871593 -0.0512788
-0.536518 -0.511157 -0.671466
-0.400661 0.793793 0.457562
0.308801 0.22793 0.923412
-0.838033 0.545617 -0.00155613
-0.214637 0.471625 0.855278
0.459595 -0.388516 0.798641
-0.00567759 -0.930462 -0.366344
-0.376828 0.694409 -0.613023
-0.387695 0.762417 -0.518087
-0.0825137 -0.917183 0.38983
0.962313 -0.224325 0.15373
-0.265464 -0.570155 0.777465
0.62977 -0.236147 -0.740016
0.13387 -0.217864 -0.966754
0.782439 0.0317408 0.621918
-0.952749 -0.0142765 -0.303424
-0.155756 -0.974106 0.163881
-0.22241 0.253909 0.94131
0.389368 0.51037 0.766756
-0.393152 0.387271 -0.833938
0.789273 -0.136172 0.598752
-0.531929 0.732467 0.424904
-0.290595 -0.195796 -0.936599
-0.792097 0.604073 -0.0876231
-0.303152 0.141753 -0.94234
-0.774401 -0.602118 0.194312
-0.46223 -0.868108 0.180921
0.114286 -0.816037 0.566589
0.622807 0.66899 0.405665
-0.740473 0.436143 0.51135
-0.140836 0.417857 -0.89753
0.878833 -0.474545 -0.049592
-0.154827 -0.489179 0.858331
0.420487 0.60382 0.677194
0.574114 0.817404 -0.0473693
0.388724 0.655715 -0.647249
0.750952 0.34512 -0.562994
-0.591007 0.753305 -0.288517
-0.443905 0.82758 0.343597
0.198652 0.74666 0.634851
-0.834154 0.174922 0.523057
0.800472 0.171249 0.574385
-0.565645 0.823374 -0.0458423
-0.97987 0.190242 0.0605281
0.891465 -0.442337 0.0981207
0.988293 0.11891 -0.0955876
-0.196143 0.346907 -0.91716
0.997112 0.0334401 -0.0681915
0.757517 -0.0070518 -0.652778
0.134384 0.0125478 0.99085
0.230786 -0.282363 -0.931133
-0.327472 0.847027 0.418697
-0.617429 0.620495 -0.483494
-0.502512 -0.75049 -0.42924
-0.624507 -0.740589 -0.248031
-0.878874 -0.251322 0.405485
-0.0656181 0.666217 -0.742866
-0.748244 0.662411 0.036635
-0.746864 0.484376 -0.455602
0.632898 -0.244622 0.734575
0.874929 -0.459853 0.15177
0.220117 0.945953 -0.238161
0.119394 -0.608994 -0.784137
0.995487 -0.0365081 -0.0875972
-0.944966 -0.151263 -0.290103
-0.796059 -0.336711 -0.502907
-0.491259 -0.163309 -0.855567
0.390689 -0.354838 -0.849383
0.278112 -0.945934 -0.166921
-0.0866157 0.982926 0.162341
0.886316 0.155495 -0.436194
0.70973 0.4411 0.549285
0.366653 0.718455 0.591091
-0.507748 -0.110159 0.854434
-0.319717 0.916699 0.239677
-0.637372 -0.293393 -0.712515
0.585407 0.802582 0.114724
-0.27692 0.827842 -0.487845
0.906286 0.421188 0.0353004
0.964611 0.229529 -0.12978
-0.739166 0.452229 -0.499122
-0.842439 -0.329598 0.426218
-0.930833 -0.364821 -0.0213386
0.839736 -0.500415 -0.210781
0.498436 -0.212712 0.840426
-0.642499 -0.683186 -0.34706
-0.950903 -0.134015 -0.278969
-0.339182 0.715065 -0.611259
-0.0281586 -0.572871 0.819161
0.428856 0.816557 0.386416
-0.12186 -0.723934 0.679021
0.699984 0.654332 0.286131
0.402048 0.895047 -0.193
-0.763423 -0.362003 -0.53492
-0.826127 0.463526 -0.320404
-0.906415 0.183511 0.380442
0.220483 -0.258834 0.940421
0.697464 -0.440386 -0.565335
-0.801083 0.148485 0.579843
-0.635496 -0.305829 -0.708952
0.813197 0.00339399 -0.581978
0.229298 0.97256 -0.0393561
-0.54227 0.832888 0.110641
-0.890701 0.454587 0.00175655
0.361477 -0.0479739 -0.931146
0.0764146 -0.989748 -0.120661
0.944028 0.315669 0.0957309
0.272202 0.793342 0.544532
0.531057 0.326508 -0.781902
-0.561772 0.218276 0.797978
-0.449077 0.444649 -0.774995
-0.770131 -0.582726 -0.259477
0.874362 0.48397 -0.0355597
0.201238 -0.386502 0.900066
0.913099 0.289824 -0.286797
0.538386 0.504091 -0.675302
0.959688 0.199105 0.198385
-0.818809 0.250661 -0.51645
-0.823089 -0.150984 -0.547475
0.0930764 0.611131 -0.786038
0.230353 0.972627 0.0305644
0.440808 0.484964 0.755313
0.740342 0.0541722 0.670044
0.628045 -0.154208 -0.762745
0.306113 0.92227 -0.236035
-0.879196 -0.054619 -0.473319
0.279168 -0.8853 -0.3719
0.688599 0.276615 -0.67031
-0.147103 0.477575 -0.866189
0.700094 0.648279 -0.299338
0.55478 -0.616908 0.55825
-0.0288479 -0.0444264 -0.998596
-0.662191 0.0676134 -0.746278
0.382383 0.439518 0.812777
-0.585346 -0.150681 0.796659
0.601821 0.779311 -0.174603
-0.879683 -0.143376 -0.453433
-0.0863985 -0.919529 0.383408
-0.129725 -0.0273873 0.991172
