#VELOCITY:     AVE_POFV:     PROGR_AVE_POVF:        ERROR:
   0.0942809  0.00100201  0.00100201           0
    0.282843   0.0010213   0.0010213           0
    0.471405  0.00586944  0.00586944           0
    0.659966   0.0157648   0.0157648           0
    0.848528   0.0166222   0.0166222           0
     1.03709   0.0389435   0.0389435           0
     1.22565   0.0573667   0.0573667           0
     1.41421   0.0666806   0.0666806           0
     1.60278   0.0609213   0.0609213           0
     1.79134   0.0729852   0.0729852           0
      1.9799   0.0815954   0.0815954           0
     2.16846   0.0762648   0.0762648           0
     2.35702   0.0702657   0.0702657           0
     2.54558   0.0813556   0.0813556           0
     2.73415   0.0660556   0.0660556           0
     2.92271   0.0527194   0.0527194           0
     3.11127   0.0550667   0.0550667           0
     3.29983   0.0449111   0.0449111           0
     3.48839   0.0292815   0.0292815           0
     3.67696   0.0246583   0.0246583           0
     3.86552   0.0227796   0.0227796           0
     4.05408   0.0163676   0.0163676           0
     4.24264   0.0162111   0.0162111           0
      4.4312  0.00952407  0.00952407           0
     4.61976   0.0049787   0.0049787           0
     4.80833  0.00264444  0.00264444           0
     4.99689  0.00172037  0.00172037           0
     5.18545  0.00118056  0.00118056           0
     5.37401 0.000818519 0.000818519           0
     5.56257  0.00126204  0.00126204           0
   0.0942809  0.00101308  0.00100755 0.000422689
    0.282843  0.00651481  0.00376806    0.209763
    0.471405   0.0100472  0.00795833    0.159523
    0.659966   0.0264509   0.0211079    0.408036
    0.848528   0.0292056   0.0229139    0.480479
     1.03709   0.0461852   0.0425644    0.276514
     1.22565   0.0567722   0.0570694   0.0226981
     1.41421   0.0553704   0.0610255    0.431865
     1.60278   0.0706963   0.0658088    0.373246
     1.79134   0.0575509   0.0652681    0.589338
      1.9799   0.0710639   0.0763296    0.402132
     2.16846   0.0751343   0.0756995   0.0431689
     2.35702   0.0689806   0.0696231   0.0490732
     2.54558   0.0636306   0.0724931    0.676807
     2.73415   0.0635278   0.0647917   0.0965201
     2.92271   0.0478824   0.0503009    0.184696
     3.11127   0.0482537   0.0516602    0.260145
     3.29983   0.0381843   0.0415477    0.256857
     3.48839   0.0306296   0.0299556   0.0514774
     3.67696   0.0323148   0.0284866    0.292353
     3.86552   0.0199269   0.0213532     0.10893
     4.05408    0.025175   0.0207713      0.3363
     4.24264    0.017725   0.0169681    0.057806
      4.4312   0.0121037   0.0108139      0.0985
     4.61976  0.00863981  0.00680926    0.139795
     4.80833  0.00540648  0.00402546    0.105465
     4.99689  0.00353056  0.00262546   0.0691197
     5.18545  0.00122778  0.00120417  0.00180312
     5.37401  0.00410741  0.00246296    0.125582
     5.56257  0.00140648  0.00133426  0.00551543
   0.0942809  0.00101686  0.00101065 0.000392775
    0.282843   0.0025463   0.0033608     0.14438
    0.471405  0.00989907  0.00860525    0.120683
    0.659966   0.0256852   0.0226336    0.303479
    0.848528   0.0287444   0.0248574    0.363286
     1.03709   0.0368574    0.040662    0.249243
     1.22565   0.0440278   0.0527222    0.383644
     1.41421   0.0526963   0.0582491    0.377932
     1.60278   0.0557074   0.0624417    0.387399
     1.79134   0.0772565   0.0692642    0.527769
      1.9799   0.0788509   0.0771701    0.278143
     2.16846   0.0725046   0.0746346   0.0982215
     2.35702   0.0609648    0.066737    0.256596
     2.54558   0.0732907    0.072759    0.451814
     2.73415   0.0700028   0.0665287    0.166142
     2.92271   0.0551407   0.0519142    0.188147
     3.11127   0.0536167   0.0523123    0.182716
     3.29983   0.0433185    0.042138    0.178974
     3.48839   0.0361157    0.032009    0.184295
     3.67696   0.0302667   0.0290799    0.201803
     3.86552   0.0249352   0.0225472    0.127902
     4.05408   0.0217639   0.0211022     0.22609
     4.24264   0.0146824   0.0162062   0.0774521
      4.4312   0.0141537   0.0119272    0.118108
     4.61976  0.00669722  0.00677191   0.0932548
     4.80833      0.0054  0.00448364   0.0810919
     4.99689   0.0022787  0.00250988   0.0471936
     5.18545 0.000918519  0.00110895  0.00848192
     5.37401 0.000501852  0.00180926    0.101647
     5.56257  0.00069537   0.0011213    0.019136
   0.0942809  0.00101924   0.0010128 0.000356604
    0.282843  0.00283981  0.00323056    0.108968
    0.471405  0.00770833  0.00838102     0.09291
    0.659966   0.0179574   0.0214646    0.252511
    0.848528   0.0238472   0.0246049    0.273486
     1.03709   0.0445167   0.0416257    0.207527
     1.22565   0.0527694    0.052734    0.287735
     1.41421   0.0550231   0.0574426    0.293314
     1.60278   0.0668315   0.0635391    0.308147
     1.79134   0.0689278   0.0691801    0.395905
      1.9799   0.0749306   0.0766102    0.215079
     2.16846   0.0598769   0.0709451    0.352851
     2.35702   0.0631648    0.065844    0.209792
     2.54558   0.0822472    0.075131    0.405029
     2.73415   0.0619713   0.0653894    0.163959
     2.92271   0.0611935    0.054234    0.258825
     3.11127   0.0539491   0.0527215    0.142281
     3.29983   0.0399139   0.0415819    0.143953
     3.48839   0.0491991   0.0363065    0.425053
     3.67696   0.0310917   0.0295829    0.158494
     3.86552   0.0218352   0.0223692    0.097361
     4.05408   0.0175426   0.0202123    0.188894
     4.24264   0.0120315   0.0151625    0.113592
      4.4312   0.0062963   0.0105194    0.158689
     4.61976  0.00677222  0.00677199   0.0699411
     4.80833  0.00623796  0.00492222   0.0733597
     4.99689   0.0067037  0.00355833    0.104255
     5.18545   0.0029713  0.00157454   0.0440088
     5.37401 0.000577778  0.00150139   0.0814925
     5.56257 0.000827778  0.00104792   0.0159086
   0.0942809  0.00101499  0.00101324 0.000288399
    0.282843  0.00303333  0.00319111   0.0872576
    0.471405  0.00838333  0.00838148    0.074328
    0.659966   0.0173194   0.0206356    0.217303
    0.848528   0.0342065   0.0265252    0.286843
     1.03709    0.046837    0.042668    0.194164
     1.22565   0.0452194   0.0512311    0.272146
     1.41421   0.0495241   0.0558589    0.280116
     1.60278   0.0546759   0.0617665    0.300153
     1.79134   0.0658657   0.0685172    0.323132
      1.9799   0.0765278   0.0765937    0.172071
     2.16846   0.0811324   0.0729826    0.344119
     2.35702   0.0736269   0.0674006    0.225338
     2.54558   0.0729787   0.0747006    0.326681
     2.73415   0.0656306   0.0654376     0.13125
     2.92271   0.0515593   0.0536991    0.213411
     3.11127   0.0540407   0.0529854    0.116643
     3.29983   0.0487037   0.0430063    0.179425
     3.48839   0.0338481   0.0358148    0.343343
     3.67696   0.0264907   0.0289644    0.140163
     3.86552   0.0226435   0.0224241   0.0780689
     4.05408   0.0186778   0.0199054    0.153996
     4.24264   0.0153528   0.0152006   0.0909479
      4.4312   0.0122491   0.0108654    0.131275
     4.61976  0.00751296  0.00692019   0.0577551
     4.80833   0.0053213  0.00500204    0.059192
     4.99689   0.0027037  0.00338741   0.0850228
     5.18545  0.00351852  0.00196333   0.0514788
     5.37401  0.00133889  0.00146889   0.0652695
     5.56257 0.000351852 0.000908704   0.0185153
   0.0942809   0.0010122  0.00101306  0.00024093
    0.282843  0.00302685  0.00316373   0.0727647
    0.471405  0.00984444  0.00862531   0.0664412
    0.659966   0.0128065   0.0193307     0.22213
    0.848528   0.0249574   0.0262639     0.24042
     1.03709   0.0313722   0.0407853    0.246233
     1.22565   0.0437491   0.0499841    0.257969
     1.41421   0.0540231   0.0555529    0.235371
     1.60278   0.0678278   0.0627767    0.269228
     1.79134    0.076213   0.0697998     0.29749
      1.9799   0.0781935   0.0768603    0.145782
     2.16846   0.0848481   0.0749602    0.346769
     2.35702   0.0800926   0.0695159    0.280634
     2.54558   0.0739556   0.0745764    0.272509
     2.73415   0.0633352   0.0650872    0.114701
     2.92271   0.0511167   0.0532687    0.182835
     3.11127   0.0494519   0.0523965    0.113223
     3.29983   0.0421102   0.0428569    0.150244
     3.48839   0.0382972   0.0362285    0.289012
     3.67696    0.025275   0.0283495    0.131598
     3.86552   0.0165157   0.0214394    0.116866
     4.05408   0.0210546   0.0200969    0.129712
     4.24264   0.0180056   0.0156681   0.0887044
      4.4312   0.0142593    0.011431     0.12279
     4.61976  0.00486852  0.00657824   0.0587618
     4.80833  0.00332778  0.00472299   0.0564798
     4.99689  0.00276111  0.00328302   0.0715958
     5.18545  0.00336019  0.00219614   0.0486533
     5.37401  0.00151019  0.00147577   0.0543955
     5.56257  0.00108056 0.000937346   0.0156857
   0.0942809  0.00101234  0.00101296 0.000206774
    0.282843  0.00199722  0.00299709   0.0645572
    0.471405  0.00802963  0.00854021   0.0575817
    0.659966   0.0177833   0.0191097    0.191676
    0.848528   0.0300454   0.0268041    0.213036
     1.03709   0.0508454   0.0422225    0.255332
     1.22565   0.0532454     0.05045     0.22597
     1.41421   0.0538176    0.055305    0.203263
     1.60278   0.0662565   0.0632738    0.236059
     1.79134   0.0728528    0.070236    0.258694
      1.9799   0.0783824   0.0770778    0.126833
     2.16846    0.070312   0.0742962    0.304555
     2.35702    0.063087   0.0685975    0.257476
     2.54558   0.0536685   0.0715896    0.379145
     2.73415   0.0608343   0.0644796     0.11557
     2.92271   0.0625028   0.0545878    0.204835
     3.11127   0.0490194    0.051914    0.108376
     3.29983   0.0492426   0.0437692    0.157811
     3.48839   0.0424667   0.0371197    0.263263
     3.67696   0.0320676   0.0288807    0.124676
     3.86552   0.0233806   0.0217167    0.103938
     4.05408   0.0129676   0.0190784    0.150771
     4.24264   0.0101583    0.014881     0.10943
      4.4312   0.0111778   0.0113948    0.105311
     4.61976  0.00951111  0.00699722   0.0655127
     4.80833  0.00769722  0.00514788   0.0644093
     4.99689   0.0020713  0.00310992    0.063762
     5.18545  0.00132222   0.0020713   0.0435311
     5.37401  0.00187963  0.00153347   0.0469802
     5.56257  0.00112037 0.000963492   0.0136967
   0.0942809  0.00101363  0.00101304 0.000181126
    0.282843      0.0077  0.00358495   0.0819626
    0.471405   0.0160972  0.00948484    0.107915
    0.659966   0.0247407   0.0198135    0.182168
    0.848528    0.035062   0.0278363    0.213593
     1.03709   0.0445463    0.042513    0.225334
     1.22565   0.0505296     0.05046    0.197726
     1.41421   0.0578667   0.0556252    0.180773
     1.60278   0.0578926   0.0626012    0.217443
     1.79134   0.0687907   0.0700553    0.227092
      1.9799   0.0604157    0.074995    0.237884
     2.16846   0.0709231   0.0738745    0.269869
     2.35702   0.0566315   0.0671017    0.271275
     2.54558   0.0571093   0.0697795    0.378809
     2.73415   0.0672343    0.064824    0.106939
     2.92271   0.0642759   0.0557988    0.217005
     3.11127   0.0507583   0.0517696    0.095945
     3.29983    0.044263   0.0438309    0.138225
     3.48839   0.0377398   0.0371972    0.230488
     3.67696   0.0340963   0.0295326    0.127432
     3.86552    0.024937   0.0221192    0.099624
     4.05408   0.0171194   0.0188336    0.134224
     4.24264   0.0179194   0.0152608    0.103153
      4.4312   0.0107611   0.0113156   0.0924941
     4.61976   0.0098713  0.00735648   0.0678473
     4.80833  0.00546852  0.00518796   0.0565034
     4.99689  0.00272407  0.00306169   0.0560041
     5.18545  0.00164259  0.00201771   0.0384725
     5.37401 0.000509259  0.00140544   0.0430944
     5.56257 0.000189815 0.000866782   0.0154624
   0.0942809   0.0010221  0.00101405 0.000190856
    0.282843  0.00878796  0.00416307   0.0936647
    0.471405   0.0162556   0.0102371    0.122757
    0.659966    0.025875    0.020487    0.175851
    0.848528   0.0272611   0.0277724    0.189972
     1.03709   0.0355593   0.0417403    0.215193
     1.22565   0.0473343   0.0501127    0.179279
     1.41421    0.063713   0.0565239    0.184914
     1.60278   0.0702759   0.0634539    0.211891
     1.79134   0.0729278   0.0703745    0.204458
      1.9799   0.0791287   0.0754543    0.216562
     2.16846   0.0538796   0.0716529    0.329724
     2.35702   0.0716435   0.0676064    0.246547
     2.54558   0.0570889   0.0683694    0.366053
     2.73415   0.0538167   0.0636009    0.156667
     2.92271   0.0546167   0.0556675    0.193357
     3.11127   0.0487167   0.0514303   0.0920131
     3.29983   0.0374926   0.0431266    0.142262
     3.48839   0.0351444   0.0369691     0.20619
     3.67696   0.0375519   0.0304237    0.145128
     3.86552   0.0353213   0.0235861    0.173642
     4.05408   0.0187454   0.0188238    0.119314
     4.24264   0.0102926   0.0147087    0.107549
      4.4312  0.00914167   0.0110741   0.0858171
     4.61976  0.00948241   0.0075927    0.064928
     4.80833  0.00618056  0.00529825   0.0514653
     4.99689  0.00581667   0.0033678   0.0587341
     5.18545  0.00133056  0.00194136   0.0350703
     5.37401 0.000362037  0.00128951   0.0400838
     5.56257 5.37037e-05  0.00077644   0.0165386
   0.0942809  0.00101806  0.00101445 0.000176624
    0.282843   0.0040787  0.00415463   0.0843026
    0.471405    0.010138   0.0102272    0.110486
    0.659966   0.0235269    0.020791    0.161301
    0.848528   0.0344898   0.0284442    0.184307
     1.03709   0.0353787   0.0411042    0.204348
     1.22565   0.0460194   0.0497033    0.166712
     1.41421   0.0589648    0.056768    0.168291
     1.60278   0.0760963   0.0647181    0.230533
     1.79134   0.0688019   0.0702172    0.184717
      1.9799   0.0763574   0.0755446    0.195125
     2.16846   0.0700065   0.0714882    0.297231
     2.35702   0.0661713   0.0674629    0.222379
     2.54558   0.0644852    0.067981    0.331842
     2.73415   0.0638694   0.0636278    0.141027
     2.92271   0.0564157   0.0557423     0.17419
     3.11127    0.051788   0.0514661   0.0828928
     3.29983   0.0429259   0.0431066    0.128053
     3.48839   0.0277796   0.0360502    0.208091
     3.67696   0.0258861   0.0299699    0.138642
     3.86552   0.0199426   0.0232218    0.160675
     4.05408    0.020413   0.0189827     0.10861
     4.24264   0.0166759   0.0149055   0.0988699
      4.4312   0.0109898   0.0110656   0.0772402
     4.61976  0.00799722  0.00763315    0.058582
     4.80833  0.00577593  0.00534602   0.0465767
     4.99689  0.00338796  0.00336981   0.0528611
     5.18545  0.00285278   0.0020325   0.0329157
     5.37401 0.000901852  0.00125074   0.0362934
     5.56257  0.00202778 0.000901574   0.0196452
