           1    0.143395
           2     0.14412
           3     0.14275
           4    0.142665
           5    0.142762
           6    0.142409
           7    0.142145
           8    0.141286
           9    0.141084
          10    0.141102
          11    0.140944
          12    0.141284
          13    0.140903
          14    0.140942
          15    0.140651
          16    0.141123
          17    0.141035
          18     0.14108
          19    0.140821
          20    0.141149
          21    0.141348
          22    0.141329
          23    0.141033
          24    0.140764
          25    0.140786
          26    0.140727
          27     0.14053
          28     0.14055
          29    0.140323
          30    0.140121
          31    0.139928
          32    0.139928
          33    0.139986
          34    0.140019
          35    0.140139
          36     0.14024
          37    0.140195
          38    0.140256
          39    0.140281
          40    0.140453
          41    0.140402
          42    0.140326
          43    0.140485
          44    0.140488
          45    0.140601
          46    0.140621
          47    0.140652
          48    0.140602
          49    0.140622
          50    0.140644
          51    0.140662
          52    0.140685
          53    0.140655
          54     0.14065
          55    0.140657
          56     0.14065
          57    0.140656
          58     0.14063
          59    0.140633
          60    0.140603
          61    0.140531
          62    0.140543
          63    0.140565
          64     0.14051
          65    0.140494
          66    0.140444
          67    0.140515
          68    0.140507
          69    0.140437
          70    0.140371
          71    0.140369
          72    0.140403
          73    0.140395
          74    0.140395
          75    0.140381
          76    0.140382
          77    0.140343
          78    0.140318
          79    0.140312
          80    0.140308
          81    0.140365
          82    0.140364
          83    0.140366
          84    0.140373
          85    0.140358
          86    0.140425
          87    0.140421
          88    0.140412
          89    0.140429
          90    0.140431
          91    0.140411
          92     0.14044
          93    0.140541
          94    0.140529
          95    0.140572
          96     0.14055
          97    0.140542
          98     0.14048
          99    0.140495
         100    0.140491
           1    0.143395
           2     0.14412
           3     0.14275
           4    0.142665
           5    0.142762
           6    0.142409
           7    0.142145
           8    0.141286
           9    0.141084
          10    0.141102
          11    0.140944
          12    0.141284
          13    0.140903
          14    0.140942
          15    0.140651
          16    0.141123
          17    0.141035
          18     0.14108
          19    0.140821
          20    0.141149
          21    0.141348
          22    0.141329
          23    0.141033
          24    0.140764
          25    0.140786
          26    0.140727
          27     0.14053
          28     0.14055
          29    0.140323
          30    0.140121
          31    0.139928
          32    0.139928
          33    0.139986
          34    0.140019
          35    0.140139
          36     0.14024
          37    0.140195
          38    0.140256
          39    0.140281
          40    0.140453
          41    0.140402
          42    0.140326
          43    0.140485
          44    0.140488
          45    0.140601
          46    0.140621
          47    0.140652
          48    0.140602
          49    0.140622
          50    0.140644
          51    0.140662
          52    0.140685
          53    0.140655
          54     0.14065
          55    0.140657
          56     0.14065
          57    0.140656
          58     0.14063
          59    0.140633
          60    0.140603
          61    0.140531
          62    0.140543
          63    0.140565
          64     0.14051
          65    0.140494
          66    0.140444
          67    0.140515
          68    0.140507
          69    0.140437
          70    0.140371
          71    0.140369
          72    0.140403
          73    0.140395
          74    0.140395
          75    0.140381
          76    0.140382
          77    0.140343
          78    0.140318
          79    0.140312
          80    0.140308
          81    0.140365
          82    0.140364
          83    0.140366
          84    0.140373
          85    0.140358
          86    0.140425
          87    0.140421
          88    0.140412
          89    0.140429
          90    0.140431
          91    0.140411
          92     0.14044
          93    0.140541
          94    0.140529
          95    0.140572
          96     0.14055
          97    0.140542
          98     0.14048
          99    0.140495
         100    0.140491
           1    0.143239
           2    0.142467
           3    0.141789
           4    0.141549
           5    0.141747
           6    0.141578
           7    0.141872
           8     0.14187
           9    0.141655
          10    0.141722
          11    0.141795
          12     0.14179
          13    0.141609
          14    0.141534
          15    0.141511
          16    0.141464
          17    0.141364
          18    0.141387
          19    0.141417
          20    0.141424
           1    0.153335
           2    0.153926
           3    0.153875
           4    0.152524
           5    0.151884
           6    0.151657
           7    0.151759
           8    0.151306
           9    0.151118
          10    0.151569
          11    0.151768
          12    0.151845
          13    0.151509
          14    0.151722
          15    0.151731
          16    0.151871
          17    0.151935
          18    0.151823
          19    0.151792
          20    0.151989
          21    0.152171
          22    0.152089
          23     0.15205
          24    0.151861
          25    0.151849
          26    0.151763
          27     0.15157
          28    0.151587
          29     0.15154
          30    0.151437
          31    0.151355
          32    0.151396
          33    0.151322
          34    0.151377
          35    0.151372
          36    0.151295
          37    0.151442
          38      0.1515
          39    0.151534
          40    0.151649
          41    0.151548
          42     0.15158
          43    0.151613
          44    0.151637
          45    0.151702
          46    0.151774
          47    0.151755
          48    0.151751
          49    0.151767
          50    0.151769
          51    0.151682
          52    0.151733
          53    0.151644
          54    0.151629
          55    0.151559
          56    0.151492
          57     0.15157
          58    0.151635
          59     0.15164
          60    0.151587
          61    0.151506
          62    0.151485
          63    0.151424
          64      0.1514
          65    0.151349
          66    0.151372
          67    0.151344
          68    0.151258
          69     0.15126
          70    0.151184
          71    0.151246
          72     0.15132
          73    0.151298
          74     0.15132
          75    0.151267
          76    0.151338
          77    0.151347
          78    0.151372
          79    0.151356
          80    0.151325
          81    0.151423
          82     0.15139
          83    0.151407
          84    0.151378
          85    0.151423
          86    0.151442
          87     0.15144
          88    0.151484
          89    0.151469
          90    0.151436
          91    0.151384
          92    0.151351
          93    0.151373
          94    0.151364
          95    0.151341
          96    0.151273
          97    0.151323
          98    0.151305
          99    0.151313
         100    0.151283
           1    0.152296
           2    0.154556
           3    0.153981
           4    0.152861
           5     0.15181
           6     0.15226
           7    0.151733
           8    0.151361
           9      0.1511
          10    0.151615
          11     0.15167
          12    0.151974
          13    0.151502
          14    0.151529
          15    0.151752
          16    0.151895
          17    0.152071
          18    0.151802
          19    0.151761
          20     0.15186
          21    0.152146
          22    0.152035
          23    0.152048
          24    0.151876
          25     0.15186
          26    0.151835
          27    0.151588
          28    0.151589
          29    0.151567
          30     0.15143
          31    0.151417
          32    0.151461
          33    0.151325
          34    0.151379
          35    0.151355
          36    0.151265
          37     0.15138
          38      0.1515
          39    0.151547
          40    0.151618
          41    0.151535
          42    0.151565
          43     0.15157
          44    0.151637
          45    0.151712
          46    0.151721
          47    0.151757
          48    0.151762
          49    0.151784
          50    0.151774
          51    0.151679
          52    0.151693
          53    0.151688
          54    0.151604
          55    0.151547
          56    0.151499
          57    0.151572
          58    0.151609
          59    0.151647
          60    0.151617
          61     0.15152
          62    0.151489
          63    0.151436
          64    0.151429
          65    0.151348
          66    0.151384
          67    0.151352
          68    0.151266
          69    0.151247
          70     0.15118
          71    0.151253
          72    0.151286
          73     0.15129
          74    0.151305
          75    0.151284
          76    0.151304
          77    0.151341
          78    0.151363
          79    0.151316
          80    0.151344
          81    0.151398
          82    0.151411
          83    0.151403
          84    0.151397
          85    0.151399
          86    0.151438
          87    0.151469
          88    0.151501
          89    0.151488
          90    0.151454
          91    0.151394
          92    0.151338
          93    0.151354
          94     0.15136
          95    0.151363
          96    0.151286
          97    0.151321
          98    0.151301
          99    0.151309
         100    0.151271
           1    0.152296
           2    0.154556
           3    0.153981
           4    0.152861
           5     0.15181
           6     0.15226
           7    0.151733
           8    0.151361
           9      0.1511
          10    0.151615
          11     0.15167
          12    0.151974
          13    0.151502
          14    0.151529
          15    0.151752
          16    0.151895
          17    0.152071
          18    0.151802
          19    0.151761
          20     0.15186
          21    0.152146
          22    0.152035
          23    0.152048
          24    0.151876
          25     0.15186
          26    0.151835
          27    0.151588
          28    0.151589
          29    0.151567
          30     0.15143
          31    0.151417
          32    0.151461
          33    0.151325
          34    0.151379
          35    0.151355
          36    0.151265
          37     0.15138
          38      0.1515
          39    0.151547
          40    0.151618
          41    0.151535
          42    0.151565
          43     0.15157
          44    0.151637
          45    0.151712
          46    0.151721
          47    0.151757
          48    0.151762
          49    0.151784
          50    0.151774
          51    0.151679
          52    0.151693
          53    0.151688
          54    0.151604
          55    0.151547
          56    0.151499
          57    0.151572
          58    0.151609
          59    0.151647
          60    0.151617
          61     0.15152
          62    0.151489
          63    0.151436
          64    0.151429
          65    0.151348
          66    0.151384
          67    0.151352
          68    0.151266
          69    0.151247
          70     0.15118
          71    0.151253
          72    0.151286
          73     0.15129
          74    0.151305
          75    0.151284
          76    0.151304
          77    0.151341
          78    0.151363
          79    0.151316
          80    0.151344
          81    0.151398
          82    0.151411
          83    0.151403
          84    0.151397
          85    0.151399
          86    0.151438
          87    0.151469
          88    0.151501
          89    0.151488
          90    0.151454
          91    0.151394
          92    0.151338
          93    0.151354
          94     0.15136
          95    0.151363
          96    0.151286
          97    0.151321
          98    0.151301
          99    0.151309
         100    0.151271
           1    0.153335
           2    0.153926
           3    0.153875
           4    0.152524
           5    0.151884
           6    0.151657
           7    0.151759
           8    0.151306
           9    0.151118
          10    0.151569
          11    0.151768
          12    0.151845
          13    0.151509
          14    0.151722
          15    0.151731
          16    0.151871
          17    0.151935
          18    0.151823
          19    0.151792
          20    0.151989
          21    0.152171
          22    0.152089
          23     0.15205
          24    0.151861
          25    0.151849
          26    0.151763
          27     0.15157
          28    0.151587
          29     0.15154
          30    0.151437
          31    0.151355
          32    0.151396
          33    0.151322
          34    0.151377
           1    0.153335
           2    0.153926
           3    0.153875
           4    0.152524
           5    0.151884
           6    0.151657
           7    0.151759
           8    0.151306
           9    0.151118
          10    0.151569
          11    0.151768
          12    0.151845
          13    0.151509
          14    0.151722
          15    0.151731
          16    0.151871
          17    0.151935
          18    0.151823
          19    0.151792
          20    0.151989
          21    0.152171
          22    0.152089
          23     0.15205
          24    0.151861
          25    0.151849
          26    0.151763
          27     0.15157
          28    0.151587
          29     0.15154
          30    0.151437
          31    0.151355
          32    0.151396
          33    0.151322
          34    0.151377
          35    0.151372
          36    0.151295
          37    0.151442
          38      0.1515
          39    0.151534
          40    0.151649
          41    0.151548
          42     0.15158
          43    0.151613
          44    0.151637
          45    0.151702
          46    0.151774
          47    0.151755
          48    0.151751
          49    0.151767
          50    0.151769
          51    0.151682
          52    0.151733
          53    0.151644
          54    0.151629
          55    0.151559
          56    0.151492
          57     0.15157
          58    0.151635
          59     0.15164
          60    0.151587
          61    0.151506
          62    0.151485
          63    0.151424
          64      0.1514
          65    0.151349
          66    0.151372
          67    0.151344
          68    0.151258
          69     0.15126
          70    0.151184
          71    0.151246
          72     0.15132
          73    0.151298
          74     0.15132
          75    0.151267
          76    0.151338
          77    0.151347
          78    0.151372
          79    0.151356
          80    0.151325
          81    0.151423
          82     0.15139
          83    0.151407
          84    0.151378
          85    0.151423
          86    0.151442
          87     0.15144
          88    0.151484
          89    0.151469
          90    0.151436
          91    0.151384
          92    0.151351
          93    0.151373
          94    0.151364
          95    0.151341
          96    0.151273
          97    0.151323
          98    0.151305
          99    0.151313
         100    0.151283
           1    0.148296
           2    0.151829
           3    0.152445
           4    0.152474
           5    0.152772
           6    0.153312
           7    0.153067
           8    0.152539
           9    0.152445
          10    0.152366
          11    0.152977
          12    0.153153
          13    0.152541
          14    0.152373
          15    0.152045
          16     0.15196
          17    0.152084
          18    0.152074
          19    0.151975
          20     0.15174
          21    0.151601
          22    0.151695
          23    0.151894
          24    0.151541
          25    0.151566
          26    0.151615
          27    0.151497
          28    0.151447
          29    0.151404
          30    0.151419
          31    0.151359
          32    0.151282
          33     0.15132
          34    0.151363
          35    0.151393
          36    0.151655
          37    0.151578
          38      0.1516
          39    0.151603
          40    0.151559
          41    0.151619
          42    0.151736
          43    0.151733
          44    0.151765
          45    0.151714
          46    0.151717
          47    0.151753
          48    0.151731
          49    0.151678
          50     0.15166
          51      0.1516
          52    0.151641
          53    0.151634
          54    0.151586
          55    0.151557
          56    0.151589
          57     0.15159
          58    0.151565
          59     0.15166
          60    0.151637
          61    0.151551
          62     0.15155
          63    0.151482
          64    0.151404
          65    0.151442
          66     0.15144
          67    0.151459
          68      0.1515
          69    0.151531
          70    0.151552
          71    0.151503
          72    0.151566
          73    0.151585
          74    0.151588
          75     0.15157
          76    0.151606
          77    0.151553
          78    0.151552
          79    0.151596
          80    0.151574
          81    0.151582
          82    0.151674
          83    0.151687
          84    0.151724
          85    0.151757
          86    0.151775
          87    0.151804
          88    0.151833
          89    0.151838
          90    0.151817
          91    0.151787
          92    0.151767
          93    0.151806
          94    0.151763
          95    0.151764
          96    0.151781
          97    0.151744
          98    0.151732
          99    0.151734
         100    0.151735
           1    0.148296
           2    0.151829
           3    0.152445
           4    0.152474
           5    0.152772
           6    0.153312
           7    0.153067
           8    0.152539
           9    0.152445
          10    0.152366
          11    0.152977
          12    0.153153
          13    0.152541
          14    0.152373
          15    0.152045
          16     0.15196
          17    0.152084
          18    0.152074
          19    0.151975
          20     0.15174
          21    0.151601
          22    0.151695
          23    0.151894
          24    0.151541
          25    0.151566
          26    0.151615
          27    0.151497
          28    0.151447
          29    0.151404
          30    0.151419
          31    0.151359
          32    0.151282
          33     0.15132
          34    0.151363
          35    0.151393
          36    0.151655
          37    0.151578
          38      0.1516
          39    0.151603
          40    0.151559
          41    0.151619
          42    0.151736
          43    0.151733
          44    0.151765
          45    0.151714
          46    0.151717
          47    0.151753
          48    0.151731
          49    0.151678
          50     0.15166
          51      0.1516
          52    0.151641
          53    0.151634
          54    0.151586
          55    0.151557
          56    0.151589
          57     0.15159
          58    0.151565
          59     0.15166
          60    0.151637
          61    0.151551
          62     0.15155
          63    0.151482
          64    0.151404
          65    0.151442
          66     0.15144
          67    0.151459
          68      0.1515
          69    0.151531
          70    0.151552
          71    0.151503
          72    0.151566
          73    0.151585
          74    0.151588
          75     0.15157
          76    0.151606
          77    0.151553
          78    0.151552
          79    0.151596
          80    0.151574
          81    0.151582
          82    0.151674
          83    0.151687
          84    0.151724
          85    0.151757
          86    0.151775
          87    0.151804
          88    0.151833
          89    0.151838
          90    0.151817
          91    0.151787
          92    0.151767
          93    0.151806
          94    0.151763
          95    0.151764
          96    0.151781
          97    0.151744
          98    0.151732
          99    0.151734
         100    0.151735
           1    0.148296
           2    0.151829
           3    0.152445
           4    0.152474
           5    0.152772
           6    0.153312
           7    0.153067
           8    0.152539
           9    0.152445
          10    0.152366
          11    0.152977
          12    0.153153
          13    0.152541
          14    0.152373
          15    0.152045
          16     0.15196
          17    0.152084
          18    0.152074
          19    0.151975
          20     0.15174
          21    0.151601
          22    0.151695
          23    0.151894
          24    0.151541
          25    0.151566
          26    0.151615
          27    0.151497
          28    0.151447
          29    0.151404
          30    0.151419
          31    0.151359
          32    0.151282
          33     0.15132
          34    0.151363
          35    0.151393
          36    0.151655
          37    0.151578
          38      0.1516
          39    0.151603
          40    0.151559
          41    0.151619
          42    0.151736
          43    0.151733
          44    0.151765
          45    0.151714
          46    0.151717
          47    0.151753
          48    0.151731
          49    0.151678
          50     0.15166
          51      0.1516
          52    0.151641
          53    0.151634
          54    0.151586
          55    0.151557
          56    0.151589
          57     0.15159
          58    0.151565
          59     0.15166
          60    0.151637
          61    0.151551
          62     0.15155
          63    0.151482
          64    0.151404
          65    0.151442
          66     0.15144
          67    0.151459
          68      0.1515
          69    0.151531
          70    0.151552
          71    0.151503
          72    0.151566
          73    0.151585
          74    0.151588
          75     0.15157
          76    0.151606
          77    0.151553
          78    0.151552
          79    0.151596
          80    0.151574
          81    0.151582
          82    0.151674
          83    0.151687
          84    0.151724
          85    0.151757
          86    0.151775
          87    0.151804
          88    0.151833
          89    0.151838
          90    0.151817
          91    0.151787
          92    0.151767
          93    0.151806
          94    0.151763
          95    0.151764
          96    0.151781
          97    0.151744
          98    0.151732
          99    0.151734
         100    0.151735
           1    0.140684
           2    0.140927
           3    0.143736
           4     0.14346
           5    0.144013
           6    0.143893
           7    0.143854
           8    0.142958
           9     0.14273
          10    0.142747
          11    0.142986
          12    0.143151
          13    0.142706
          14    0.142772
          15    0.142336
          16    0.142276
          17    0.142314
          18    0.142531
          19    0.142434
          20    0.142172
          21    0.141856
          22    0.141854
          23     0.14191
          24    0.141777
          25    0.141655
          26    0.141452
          27    0.141392
          28    0.141371
          29    0.141229
          30    0.141289
          31    0.141187
          32    0.141221
          33    0.141321
          34    0.141343
          35    0.141278
          36    0.141273
          37    0.141068
          38    0.141064
          39    0.141139
          40    0.141022
          41    0.140916
          42     0.14098
          43    0.141019
          44    0.141102
          45    0.141066
          46    0.141077
          47    0.140984
          48    0.141131
          49      0.1411
          50    0.141123
          51    0.141051
          52    0.141093
          53    0.141059
          54    0.141056
          55    0.141008
          56    0.140963
          57    0.140924
          58    0.140921
          59    0.140983
          60    0.141002
          61     0.14102
          62    0.140914
          63    0.140832
          64    0.140807
          65    0.140834
          66    0.140817
          67    0.140804
          68     0.14081
          69    0.140865
          70      0.1409
          71    0.140947
          72    0.141005
          73    0.141014
          74    0.141006
          75    0.140979
          76    0.140964
          77    0.140893
          78    0.140949
          79    0.140977
          80    0.140966
          81    0.140928
          82    0.140972
          83    0.140954
          84    0.140978
          85    0.141042
          86    0.141054
          87    0.141104
          88    0.141096
          89    0.141063
          90    0.141094
          91    0.141032
          92    0.141025
          93    0.141068
          94    0.141129
          95    0.141121
          96     0.14113
          97     0.14115
          98    0.141171
          99    0.141179
         100    0.141137
           1    0.140684
           2    0.140927
           3    0.143736
           4     0.14346
           5    0.144013
           6    0.143893
           7    0.143854
           8    0.142958
           9     0.14273
          10    0.142747
          11    0.142986
          12    0.143151
          13    0.142706
          14    0.142772
          15    0.142336
          16    0.142276
          17    0.142314
          18    0.142531
          19    0.142434
          20    0.142172
          21    0.141856
          22    0.141854
          23     0.14191
          24    0.141777
          25    0.141655
          26    0.141452
          27    0.141392
          28    0.141371
          29    0.141229
          30    0.141289
          31    0.141187
          32    0.141221
          33    0.141321
          34    0.141343
          35    0.141278
          36    0.141273
          37    0.141068
          38    0.141064
          39    0.141139
          40    0.141022
          41    0.140916
          42     0.14098
          43    0.141019
          44    0.141102
          45    0.141066
          46    0.141077
          47    0.140984
          48    0.141131
          49      0.1411
          50    0.141123
          51    0.141051
          52    0.141093
          53    0.141059
          54    0.141056
          55    0.141008
          56    0.140963
          57    0.140924
          58    0.140921
          59    0.140983
          60    0.141002
          61     0.14102
          62    0.140914
          63    0.140832
          64    0.140807
          65    0.140834
          66    0.140817
          67    0.140804
          68     0.14081
          69    0.140865
          70      0.1409
          71    0.140947
          72    0.141005
          73    0.141014
          74    0.141006
          75    0.140979
          76    0.140964
          77    0.140893
          78    0.140949
          79    0.140977
          80    0.140966
          81    0.140928
          82    0.140972
          83    0.140954
          84    0.140978
          85    0.141042
          86    0.141054
          87    0.141104
          88    0.141096
          89    0.141063
          90    0.141094
          91    0.141032
          92    0.141025
          93    0.141068
          94    0.141129
          95    0.141121
          96     0.14113
          97     0.14115
          98    0.141171
          99    0.141179
         100    0.141137
           1    0.147143
           2     0.14561
           3    0.144234
           4    0.143273
           5    0.142723
           6     0.14264
           7    0.142976
           8    0.143274
           9     0.14297
          10    0.142753
          11    0.142408
          12    0.142149
          13    0.142073
          14     0.14241
          15    0.142352
          16    0.142149
          17    0.141954
          18    0.141724
          19     0.14178
          20    0.141502
          21    0.141605
          22    0.141381
          23    0.141146
          24    0.141285
          25     0.14118
          26    0.141166
          27    0.141081
          28    0.140984
          29    0.141086
          30    0.141155
          31    0.141172
          32    0.141132
          33    0.140977
          34    0.140914
          35     0.14101
          36    0.140898
          37    0.140834
          38    0.140782
          39    0.140855
          40    0.140923
          41    0.140951
          42    0.140959
          43    0.140919
          44    0.141001
          45    0.141001
          46    0.140961
          47    0.141017
          48    0.141004
          49    0.141001
          50    0.140991
          51    0.140987
          52     0.14084
          53    0.140806
          54    0.140846
          55    0.140868
          56    0.140906
          57    0.140915
          58    0.140873
          59    0.140786
          60    0.140717
          61    0.140744
          62    0.140747
          63    0.140725
          64    0.140676
          65    0.140719
          66    0.140786
          67    0.140854
          68    0.140887
          69     0.14093
          70    0.140929
          71    0.140921
          72    0.140927
          73    0.140854
          74    0.140865
          75    0.140892
          76    0.140939
          77    0.140849
          78    0.140869
          79    0.140856
          80     0.14092
          81    0.140977
          82    0.140974
          83    0.141024
          84     0.14104
          85     0.14101
          86    0.141034
          87    0.140961
          88     0.14099
          89    0.141031
          90    0.141034
          91    0.141076
          92    0.141075
          93    0.141106
          94    0.141143
          95    0.141127
          96    0.141108
          97    0.141093
          98    0.141096
          99    0.141107
         100    0.141089
           1    0.147143
           2     0.14561
           3    0.144234
           4    0.143273
           5    0.142723
           6     0.14264
           7    0.142976
           8    0.143274
           9     0.14297
          10    0.142753
          11    0.142408
          12    0.142149
          13    0.142073
          14     0.14241
          15    0.142352
          16    0.142149
          17    0.141954
          18    0.141724
          19     0.14178
          20    0.141502
          21    0.141605
          22    0.141381
          23    0.141146
          24    0.141285
          25     0.14118
          26    0.141166
          27    0.141081
          28    0.140984
          29    0.141086
          30    0.141155
          31    0.141172
          32    0.141132
          33    0.140977
          34    0.140914
          35     0.14101
          36    0.140898
          37    0.140834
          38    0.140782
          39    0.140855
          40    0.140923
          41    0.140951
          42    0.140959
          43    0.140919
          44    0.141001
          45    0.141001
          46    0.140961
          47    0.141017
          48    0.141004
          49    0.141001
          50    0.140991
          51    0.140987
          52     0.14084
          53    0.140806
          54    0.140846
          55    0.140868
          56    0.140906
          57    0.140915
          58    0.140873
          59    0.140786
          60    0.140717
          61    0.140744
          62    0.140747
          63    0.140725
          64    0.140676
          65    0.140719
          66    0.140786
          67    0.140854
          68    0.140887
          69     0.14093
          70    0.140929
          71    0.140921
          72    0.140927
          73    0.140854
          74    0.140865
          75    0.140892
          76    0.140939
          77    0.140849
          78    0.140869
          79    0.140856
          80     0.14092
          81    0.140977
          82    0.140974
          83    0.141024
          84     0.14104
          85     0.14101
          86    0.141034
          87    0.140961
          88     0.14099
          89    0.141031
          90    0.141034
          91    0.141076
          92    0.141075
          93    0.141106
          94    0.141143
          95    0.141127
          96    0.141108
          97    0.141093
          98    0.141096
          99    0.141107
         100    0.141089
           1    0.153579
           2    0.154453
           3    0.153919
           4    0.152575
           5    0.153052
           6    0.152619
           7    0.152946
           8    0.153426
           9     0.15291
          10    0.152423
          11    0.152209
          12     0.15202
          13    0.152099
          14    0.152011
          15    0.151951
          16    0.151745
          17    0.151705
          18    0.151545
          19    0.151854
          20    0.151615
          21    0.151509
          22      0.1515
          23    0.151386
          24    0.151422
          25    0.151359
          26    0.151327
          27    0.151282
          28    0.151163
          29    0.151223
          30    0.151283
          31    0.151306
          32    0.151506
          33     0.15155
          34     0.15153
          35    0.151578
          36    0.151477
          37    0.151559
          38    0.151643
          39    0.151691
          40    0.151727
          41    0.151685
          42    0.151711
          43    0.151691
          44    0.151665
          45     0.15169
          46    0.151649
          47    0.151622
          48    0.151612
          49    0.151638
          50    0.151614
          51    0.151585
          52    0.151489
          53     0.15155
          54    0.151559
          55    0.151604
          56    0.151611
          57    0.151552
          58     0.15155
          59    0.151485
          60    0.151418
          61    0.151419
          62    0.151396
          63     0.15141
          64    0.151432
          65    0.151515
          66    0.151502
          67    0.151493
          68    0.151529
          69     0.15155
          70    0.151549
          71    0.151559
          72     0.15157
          73    0.151539
          74    0.151555
          75    0.151535
          76     0.15156
          77    0.151561
          78    0.151629
          79    0.151637
          80    0.151691
          81    0.151728
          82    0.151752
          83    0.151789
          84    0.151785
          85    0.151805
          86    0.151816
          87     0.15179
          88     0.15178
          89    0.151805
          90    0.151756
          91    0.151746
          92     0.15174
          93    0.151756
          94    0.151715
          95     0.15175
          96    0.151756
          97    0.151734
          98    0.151786
          99    0.151777
         100    0.151806
           1    0.148296
           2    0.151829
           3    0.152445
           4    0.152474
           5    0.152772
           6    0.153312
           7    0.153067
           8    0.152539
           9    0.152445
          10    0.152366
          11    0.152977
          12    0.153153
          13    0.152541
          14    0.152373
          15    0.152045
          16     0.15196
          17    0.152084
          18    0.152074
          19    0.151975
          20     0.15174
          21    0.151601
          22    0.151695
          23    0.151894
          24    0.151541
          25    0.151566
          26    0.151615
          27    0.151497
          28    0.151447
          29    0.151404
          30    0.151419
          31    0.151359
          32    0.151282
          33     0.15132
          34    0.151363
          35    0.151393
          36    0.151655
          37    0.151578
          38      0.1516
          39    0.151603
          40    0.151559
          41    0.151619
          42    0.151736
          43    0.151733
          44    0.151765
          45    0.151714
          46    0.151717
          47    0.151753
          48    0.151731
          49    0.151678
          50     0.15166
          51      0.1516
          52    0.151641
          53    0.151634
          54    0.151586
          55    0.151557
          56    0.151589
          57     0.15159
          58    0.151565
          59     0.15166
          60    0.151637
          61    0.151551
          62     0.15155
          63    0.151482
          64    0.151404
          65    0.151442
          66     0.15144
          67    0.151459
          68      0.1515
          69    0.151531
          70    0.151552
          71    0.151503
          72    0.151566
          73    0.151585
          74    0.151588
          75     0.15157
          76    0.151606
          77    0.151553
          78    0.151552
          79    0.151596
          80    0.151574
          81    0.151582
          82    0.151674
          83    0.151687
          84    0.151724
          85    0.151757
          86    0.151775
          87    0.151804
          88    0.151833
          89    0.151838
          90    0.151817
          91    0.151787
          92    0.151767
          93    0.151806
          94    0.151763
          95    0.151764
          96    0.151781
          97    0.151744
          98    0.151732
          99    0.151734
         100    0.151735
           1    0.140684
           2    0.140927
           3    0.143736
           4     0.14346
           5    0.144013
           6    0.143893
           7    0.143854
           8    0.142958
           9     0.14273
          10    0.142747
          11    0.142986
          12    0.143151
          13    0.142706
          14    0.142772
          15    0.142336
          16    0.142276
          17    0.142314
          18    0.142531
          19    0.142434
          20    0.142172
          21    0.141856
          22    0.141854
          23     0.14191
          24    0.141777
          25    0.141655
          26    0.141452
          27    0.141392
          28    0.141371
          29    0.141229
          30    0.141289
          31    0.141187
          32    0.141221
          33    0.141321
          34    0.141343
          35    0.141278
          36    0.141273
          37    0.141068
          38    0.141064
          39    0.141139
          40    0.141022
          41    0.140916
          42     0.14098
          43    0.141019
          44    0.141102
          45    0.141066
          46    0.141077
          47    0.140984
          48    0.141131
          49      0.1411
          50    0.141123
          51    0.141051
          52    0.141093
          53    0.141059
          54    0.141056
          55    0.141008
          56    0.140963
          57    0.140924
          58    0.140921
          59    0.140983
          60    0.141002
          61     0.14102
          62    0.140914
          63    0.140832
          64    0.140807
          65    0.140834
          66    0.140817
          67    0.140804
          68     0.14081
          69    0.140865
          70      0.1409
          71    0.140947
          72    0.141005
          73    0.141014
          74    0.141006
          75    0.140979
          76    0.140964
          77    0.140893
          78    0.140949
          79    0.140977
          80    0.140966
          81    0.140928
          82    0.140972
          83    0.140954
          84    0.140978
          85    0.141042
          86    0.141054
          87    0.141104
          88    0.141096
          89    0.141063
          90    0.141094
          91    0.141032
          92    0.141025
          93    0.141068
          94    0.141129
          95    0.141121
          96     0.14113
          97     0.14115
          98    0.141171
          99    0.141179
         100    0.141137
           1    0.147992
           2    0.149413
           3    0.151531
           4    0.152541
           5    0.152353
           6    0.152994
           7    0.152898
           8    0.152185
           9    0.152546
          10    0.152294
          11    0.152561
          12    0.152954
          13    0.152593
          14    0.152233
          15    0.152074
          16    0.151929
          17       0.152
          18    0.151932
          19    0.151886
          20    0.151714
          21     0.15168
          22    0.151544
          23    0.151813
          24    0.151605
          25    0.151512
          26    0.151504
          27    0.151403
          28    0.151434
          29    0.151377
          30    0.151348
          31    0.151306
          32    0.151198
          33    0.151251
          34    0.151305
          35    0.151326
          36    0.151509
          37    0.151549
          38    0.151531
          39    0.151575
          40    0.151482
          41    0.151557
          42    0.151635
          43     0.15168
          44    0.151714
          45    0.151675
          46      0.1517
          47    0.151681
          48    0.151657
          49     0.15168
          50    0.151642
          51    0.151617
          52    0.151608
          53    0.151632
          54     0.15161
          55    0.151582
          56    0.151492
          57    0.151549
          58    0.151558
          59    0.151601
          60    0.151607
          61    0.151551
          62    0.151549
          63    0.151487
          64    0.151424
          65    0.151424
          66    0.151403
          67    0.151416
          68    0.151437
          69    0.151515
          70    0.151504
          71    0.151494
          72    0.151529
          73     0.15155
          74    0.151548
          75    0.151558
          76    0.151569
          77    0.151539
          78    0.151554
          79    0.151535
          80    0.151559
          81     0.15156
          82    0.151626
          83    0.151633
          84    0.151685
          85    0.151721
          86    0.151744
          87     0.15178
          88    0.151777
          89    0.151796
          90    0.151807
          91    0.151782
          92    0.151772
          93    0.151797
          94    0.151749
          95    0.151739
          96    0.151733
          97    0.151749
          98     0.15171
          99    0.151743
         100    0.151749
           1    0.155548
           2     0.15641
           3    0.153694
           4    0.152159
           5    0.151698
           6    0.151375
           7    0.151625
           8    0.151519
           9    0.151467
          10    0.151165
          11    0.151151
          12    0.150946
          13    0.151467
          14    0.151136
          15    0.151012
          16     0.15103
          17    0.150897
          18    0.150973
          19    0.150911
          20    0.150891
          21    0.150851
          22    0.150714
          23    0.150811
          24    0.150906
          25    0.150951
          26    0.151219
          27    0.151285
          28    0.151269
          29    0.151338
          30    0.151222
          31     0.15133
          32    0.151439
          33    0.151504
          34    0.151552
          35    0.151507
          36    0.151543
          37    0.151524
          38    0.151498
          39    0.151531
          40    0.151487
          41    0.151459
          42    0.151452
          43    0.151486
          44    0.151462
          45    0.151431
          46    0.151324
          47    0.151397
          48    0.151411
          49    0.151465
          50    0.151476
          51    0.151412
          52    0.151412
          53    0.151341
          54    0.151268
          55    0.151271
          56    0.151249
          57    0.151267
          58    0.151295
          59    0.151389
          60    0.151377
          61    0.151369
          62    0.151411
          63    0.151436
          64    0.151437
          65    0.151449
          66    0.151464
          67    0.151431
          68     0.15145
          69     0.15143
          70    0.151459
          71    0.151461
          72    0.151537
          73    0.151547
          74    0.151607
          75    0.151649
          76    0.151676
          77    0.151717
          78    0.151715
          79    0.151737
          80     0.15175
          81    0.151723
          82    0.151713
          83     0.15174
          84    0.151688
          85    0.151677
          86    0.151672
          87     0.15169
          88    0.151647
          89    0.151685
          90    0.151692
          91     0.15167
          92    0.151726
          93    0.151717
          94    0.151749
          95    0.151709
          96    0.151697
          97    0.151701
          98    0.151656
          99    0.151673
         100    0.151677
           1    0.145756
           2    0.145707
           3    0.143882
           4    0.143057
           5    0.142168
           6    0.141647
           7    0.141568
           8    0.142262
           9    0.142176
          10    0.141848
          11    0.141557
          12    0.141225
          13    0.141349
          14    0.140964
          15    0.141151
          16    0.140857
          17    0.140556
          18    0.140782
          19    0.140665
          20    0.140671
          21    0.140581
          22    0.140476
          23    0.140631
          24     0.14074
          25    0.140778
          26    0.140743
          27    0.140562
          28    0.140497
          29    0.140631
          30    0.140506
          31    0.140439
          32    0.140389
          33     0.14049
          34    0.140582
          35    0.140625
          36    0.140644
          37    0.140605
          38     0.14071
          39    0.140718
          40    0.140678
          41     0.14075
          42    0.140742
          43    0.140744
          44    0.140739
          45     0.14074
          46    0.140575
          47    0.140542
          48    0.140593
          49    0.140624
          50    0.140671
          51    0.140687
          52    0.140643
          53    0.140549
          54    0.140476
          55    0.140511
          56    0.140518
          57    0.140497
          58    0.140446
          59    0.140499
          60    0.140576
          61    0.140656
          62    0.140696
          63    0.140746
          64    0.140749
          65    0.140742
          66    0.140751
          67    0.140674
          68    0.140688
          69    0.140721
          70    0.140775
          71    0.140678
          72    0.140703
          73     0.14069
          74    0.140763
          75    0.140827
          76    0.140826
          77    0.140883
          78    0.140901
          79    0.140871
          80    0.140899
          81    0.140821
          82    0.140855
          83    0.140901
          84    0.140906
          85    0.140952
          86    0.140953
          87    0.140988
          88    0.141028
          89    0.141013
          90    0.140994
          91    0.140978
          92    0.140983
          93    0.140996
          94    0.140978
          95    0.141031
          96    0.140978
          97       0.141
          98    0.140979
          99    0.140983
         100    0.140957
           1           1
           2           1
           3           1
           4           1
           5           1
           6           1
           7           1
           8           1
           9           1
          10           1
          11           1
          12           1
          13           1
          14           1
          15           1
          16           1
          17           1
          18           1
          19           1
          20           1
          21           1
          22           1
          23           1
          24           1
          25           1
          26           1
          27           1
          28           1
          29           1
          30           1
          31           1
          32           1
          33           1
          34           1
          35           1
          36           1
          37           1
          38           1
          39           1
          40           1
          41           1
          42           1
          43           1
          44           1
          45           1
          46           1
          47           1
          48           1
          49           1
          50           1
          51           1
          52           1
          53           1
          54           1
          55           1
          56           1
          57           1
          58           1
          59           1
          60           1
          61           1
          62           1
          63           1
          64           1
          65           1
          66           1
          67           1
          68           1
          69           1
          70           1
          71           1
          72           1
          73           1
          74           1
          75           1
          76           1
          77           1
          78           1
          79           1
          80           1
          81           1
          82           1
          83           1
          84           1
          85           1
          86           1
          87           1
          88           1
          89           1
          90           1
          91           1
          92           1
          93           1
          94           1
          95           1
          96           1
          97           1
          98           1
          99           1
         100           1
           1    0.147974
           2    0.149404
           3    0.151525
           4    0.152536
           5    0.152349
           6    0.152991
           7    0.152895
           8    0.152183
           9    0.152544
          10    0.152292
          11    0.152559
          12    0.152952
          13    0.152591
          14    0.152232
          15    0.152073
          16    0.151928
          17    0.151999
          18    0.151931
          19    0.151885
          20    0.151713
          21     0.15168
          22    0.151543
          23    0.151812
          24    0.151605
          25    0.151511
          26    0.151503
          27    0.151402
          28    0.151433
          29    0.151376
          30    0.151347
          31    0.151306
          32    0.151197
          33    0.151251
          34    0.151305
          35    0.151325
          36    0.151508
          37    0.151549
          38     0.15153
          39    0.151575
          40    0.151481
          41    0.151557
          42    0.151635
          43     0.15168
          44    0.151713
          45    0.151675
          46    0.151699
          47     0.15168
          48    0.151657
          49     0.15168
          50    0.151642
          51    0.151616
          52    0.151607
          53    0.151632
          54     0.15161
          55    0.151582
          56    0.151491
          57    0.151549
          58    0.151557
          59      0.1516
          60    0.151607
          61    0.151551
          62    0.151549
          63    0.151487
          64    0.151423
          65    0.151424
          66    0.151402
          67    0.151416
          68    0.151437
          69    0.151515
          70    0.151504
          71    0.151494
          72    0.151529
          73    0.151549
          74    0.151548
          75    0.151558
          76    0.151569
          77    0.151538
          78    0.151554
          79    0.151535
          80    0.151559
          81    0.151559
          82    0.151625
          83    0.151633
          84    0.151685
          85    0.151721
          86    0.151744
          87     0.15178
          88    0.151777
          89    0.151796
          90    0.151807
          91    0.151782
          92    0.151772
          93    0.151796
          94    0.151749
          95    0.151739
          96    0.151733
          97    0.151749
          98     0.15171
          99    0.151743
         100    0.151749
           1     0.14327
           2    0.140707
           3    0.143145
           4    0.143885
           5    0.144729
           6    0.144365
           7    0.143757
           8    0.143216
           9    0.142855
          10    0.142784
          11    0.143015
          12    0.143236
          13    0.143005
          14    0.142831
          15     0.14255
          16    0.142331
          17    0.142258
          18    0.142528
          19    0.142474
          20    0.142295
          21    0.142121
          22    0.141914
          23    0.141954
          24    0.141705
          25    0.141787
          26    0.141582
          27    0.141366
          28    0.141482
          29    0.141381
          30    0.141361
          31    0.141278
          32    0.141184
          33    0.141271
          34    0.141328
          35    0.141339
          36    0.141298
          37    0.141151
          38    0.141088
          39    0.141172
          40    0.141065
          41    0.141001
          42    0.140949
          43    0.141013
          44    0.141073
          45    0.141096
          46      0.1411
          47     0.14106
          48    0.141134
          49    0.141131
          50    0.141091
          51    0.141141
          52    0.141126
          53    0.141121
          54     0.14111
          55    0.141104
          56    0.140962
          57    0.140928
          58    0.140964
          59    0.140983
          60    0.141016
          61    0.141023
          62    0.140982
          63    0.140897
          64     0.14083
          65    0.140854
          66    0.140855
          67    0.140832
          68    0.140784
          69    0.140824
          70    0.140886
          71    0.140949
          72     0.14098
          73     0.14102
          74    0.141018
          75    0.141009
          76    0.141013
          77    0.140942
          78    0.140952
          79    0.140977
          80    0.141021
          81    0.140933
          82    0.140951
          83    0.140937
          84    0.140999
          85    0.141052
          86    0.141049
          87    0.141097
          88     0.14111
          89    0.141081
          90    0.141103
          91    0.141032
          92     0.14106
          93    0.141099
          94    0.141101
          95    0.141141
          96    0.141139
          97    0.141169
          98    0.141203
          99    0.141188
         100    0.141168
